1,501.447296,119.531044,677.630005,364.098877
2,498.810394,117.830727,674.542786,366.050568
3,497.518311,119.209389,668.940186,367.069611
4,497.602051,119.12767,668.903076,366.907898
5,480.489441,111.545799,653.902649,360.145081
6,478.835968,111.559212,652.525146,363.657135
7,476.178864,113.970238,649.50824,364.532593
8,473.270844,115.073616,648.563293,367.40976
9,484.529938,124.001411,652.792114,357.569489
10,461.141205,117.570473,639.610901,368.691071
11,459.946106,117.533821,638.466125,368.417236
12,462.98938,118.143211,639.251465,368.928162
13,460.570984,119.130661,640.72052,372.414795
14,462.828339,119.84613,640.956421,371.07373
15,468.987518,123.325783,645.081787,373.872589
16,463.502808,117.99942,636.364868,376.903351
17,473.238983,125.605522,648.615295,379.940399
18,473.563812,130.121307,648.313416,376.575897
19,481.017761,122.925568,663.170227,365.393616
20,475.55603,130.20163,650.05542,380.122528
21,480.889893,133.426361,652.316406,380.318451
22,478.475739,133.535751,654.259766,381.964844
23,483.793549,136.741486,656.935059,379.844818
24,487.184235,126.289879,653.982056,374.26123
25,495.993256,131.392181,667.111267,377.217529
26,498.344604,130.523621,669.271606,376.231506
27,500.819336,129.209015,672.782471,376.188995
28,508.786041,127.225639,687.217529,379.674713
29,496.548401,119.484009,681.198792,371.350525
30,511.145874,130.556305,684.308594,375.891266
31,512.7453,131.339951,685.028137,372.909302
32,513.407959,130.314072,686.579834,373.014893
33,515.897644,129.256241,687.825989,370.402161
34,523.192139,120.284348,699.664062,360.810364
35,518.469971,126.017822,690.662598,372.841187
36,515.573303,110.94957,695.173279,349.182068
37,520.540894,125.563774,694.307129,372.4151
38,520.992615,126.345154,695.086365,380.454437
39,522.857178,125.965118,697.112183,382.130798
40,523.530457,126.366135,697.329773,382.566528
41,524.874756,121.307098,700.838013,380.456177
42,525.599182,118.032051,699.672058,366.332825
43,514.132874,107.134262,693.880188,376.484009
44,518.659851,99.447708,692.012878,359.476257
45,527.003418,112.536377,708.011597,370.707886
46,523.445679,111.083244,701.153198,366.720947
47,523.396179,109.552216,700.678528,363.892609
48,522.336609,112.26329,698.344177,358.780945
49,522.680908,107.088295,699.452271,356.602356
50,522.45575,107.043114,699.132141,355.937683
51,522.75946,107.088615,699.007385,356.972687
52,523.25824,107.672569,699.319763,357.530426
53,523.008484,111.459419,696.832947,358.367432
54,522.067444,113.91745,695.826599,360.645111
55,520.253479,113.901367,694.968201,361.743744
56,519.209167,113.725502,693.001282,358.691223
57,511.918152,124.682785,683.789124,368.911987
58,504.777557,123.978264,678.177002,368.351135
59,502.269043,129.329132,673.238281,363.424805
60,502.103668,129.281342,673.296509,363.30423
61,503.762909,124.9226,676.95813,369.849823
62,501.545532,129.89798,672.450073,364.781464
63,500.659515,129.909805,672.594727,366.814209
64,503.776367,129.531616,673.570923,366.428711
65,501.404266,127.729515,673.963867,365.920258
66,499.956482,126.8265,673.902039,367.125916
67,497.832336,126.618477,673.218079,369.815491
68,497.040497,127.224495,671.692749,369.866791
69,494.847046,127.938431,672.751099,375.178833
70,493.433716,126.922371,673.095581,377.116547
71,492.929962,126.216011,672.793091,375.722321
72,493.035034,126.147469,673.55188,376.522827
73,491.94516,129.759308,673.084229,381.63089
74,491.08844,130.527771,672.161926,382.438843
75,490.417664,130.502502,671.642883,382.891479
76,491.324371,131.785889,670.711914,380.796753
77,490.037109,131.799347,671.102051,383.95517
78,489.835388,132.560242,671.250305,386.01709
79,489.684875,129.733444,671.861511,384.526245
80,490.362091,133.229401,672.249329,385.70755
81,491.399567,129.634613,674.228577,384.032379
82,492.490845,130.651443,675.336548,384.349243
83,493.172333,129.112061,675.7276,383.055908
84,493.179169,130.524948,676.103516,383.441162
85,494.044098,127.173286,675.491699,380.433136
86,494.026459,117.503723,676.877441,379.867859
87,492.609985,114.196167,676.592651,375.227386
88,491.74527,112.306229,677.379395,373.984741
89,489.424866,110.573456,679.010071,377.463531
90,488.50351,110.127136,679.127686,379.167877
91,488.386292,110.206696,679.282166,379.504913
92,489.819702,115.224411,675.660522,377.471619
93,488.218506,118.055969,674.718018,379.960022
94,489.586365,119.816589,674.380188,380.339874
95,498.21228,109.539017,694.247681,381.494873
96,489.608704,117.506821,674.488708,378.813354
97,488.193634,112.20462,678.775269,380.474915
98,489.467377,112.24791,679.958008,383.230103
99,508.052094,114.599167,695.414124,369.239075
100,491.152435,111.289612,681.200928,377.890259
101,492.975922,115.965836,682.607239,378.020264
102,496.475861,125.203995,681.960754,382.771057
103,496.663544,125.008255,683.052307,385.660828
104,496.390259,126.917374,681.756714,386.899292
105,497.418701,136.222229,678.95752,390.312073
106,497.833374,136.770844,678.320923,389.680023
107,498.093964,137.628906,677.399109,388.780457
108,498.132812,137.037598,676.660645,389.599915
109,497.27124,130.325287,676.763672,386.454071
110,496.756073,131.705826,676.356384,389.172607
111,493.761169,134.215271,675.689148,394.373962
112,492.583344,138.485916,672.647339,395.980652
113,491.051575,137.851288,671.772156,395.780792
114,492.014587,138.047256,671.486511,394.271851
115,491.856171,137.763672,671.368286,392.765625
116,492.208099,138.123215,671.127808,392.635742
117,494.181274,139.248779,669.892334,390.289673
118,494.358093,139.011536,669.820374,389.138611
119,494.154541,138.738602,668.945435,389.393433
120,494.256256,137.37944,668.358704,387.989929
121,494.585602,130.310684,675.485474,388.142944
122,494.682739,130.227219,677.90918,389.27301
123,495.040161,131.436722,681.434326,391.855713
124,496.488159,134.068329,680.062866,387.142059
125,505.756561,132.391922,688.008484,390.459595
126,504.050751,135.620911,689.411865,397.523254
127,503.622681,136.435379,687.435181,393.649963
128,504.105347,137.850525,687.62793,395.027527
129,505.666504,144.582336,688.379395,392.097412
130,505.699341,144.473297,688.504883,392.094208
131,505.858459,144.986694,688.308655,392.27533
132,505.371033,144.287476,688.168884,391.787842
133,507.067383,146.023972,684.757568,392.569702
134,507.930176,146.177429,686.067871,394.550171
135,510.172943,147.606003,685.638794,391.333984
136,512.979248,150.259186,686.764648,391.673981
137,515.073242,151.076294,688.585083,392.137024
138,516.147766,151.248566,689.442688,391.284088
139,515.779785,150.634155,690.79541,392.684631
140,516.883606,151.324799,691.342957,390.642731
141,517.206299,150.852875,692.545898,391.965302
142,516.393188,151.263214,692.608643,394.486664
143,515.782349,153.36554,693.051025,397.694824
144,516.312988,154.126251,691.923706,398.441681
145,515.847595,153.846313,690.700989,398.737244
146,515.868713,153.783081,690.058044,398.073486
147,515.624451,153.709534,689.498962,398.419617
148,515.136902,153.128769,689.147522,399.447998
149,510.366669,153.449203,684.997803,400.22052
150,511.672607,153.159256,684.195557,393.257385
151,511.594452,148.177795,685.072021,395.416382
152,505.55246,152.738464,672.488647,381.117676
153,506.641968,144.049973,678.835693,378.596436
154,506.43869,142.127731,678.013672,379.599243
155,504.905365,135.197784,687.186768,388.312164
156,510.110046,125.075279,687.381653,370.642456
157,507.901855,134.929138,685.628174,381.727478
158,510.157715,135.929291,687.624756,380.869843
159,510.749573,135.466248,690.01947,381.10907
160,511.633575,135.190033,690.508789,378.510284
161,510.545013,132.861969,691.172119,378.593384
162,510.537292,133.364822,690.552917,378.167786
163,512.05542,137.26413,687.420654,373.982941
164,510.535736,133.148956,694.721558,374.93399
165,508.007568,133.145172,686.12854,378.598206
166,505.793274,128.62326,687.707092,383.253052
167,510.988373,130.123596,688.24939,382.432861
168,511.511078,129.264832,688.732422,381.424561
169,511.355164,133.339813,690.587585,393.484833
170,513.086548,130.899567,692.259277,382.816315
171,514.067444,130.360016,694.1474,383.921967
172,510.070709,131.499542,694.140686,386.040009
173,515.918518,138.463409,693.475525,382.139191
174,515.105652,137.906525,693.175476,382.590729
175,516.766663,133.702545,694.916565,379.371918
176,527.455505,122.379524,695.542664,366.802429
177,515.199951,116.52877,693.526855,368.300049
178,512.095154,135.574066,692.292419,394.267548
179,515.402466,135.317505,692.042603,381.87677
180,558.37561,48.570404,755.440552,313.014465
181,562.545593,49.796997,756.550964,313.674652
182,540.001221,50.631851,741.259399,326.919434
183,560.774414,53.954865,747.778564,309.382324
184,550.675598,53.508652,748.83783,309.545227
185,549.126709,53.963646,743.080933,307.193359
186,550.250122,54.865189,744.177368,306.732849
187,553.092957,56.144348,745.706116,307.095947
188,555.277344,59.320656,748.100098,309.092529
189,563.179749,65.456055,749.483704,315.10379
190,567.752869,62.270996,755.657043,319.792084
191,567.133972,62.067642,757.832336,329.56543
192,567.501099,60.737473,757.424194,330.727539
193,568.30603,56.157791,759.077637,330.629944
194,564.603271,49.691162,756.61145,320.590851
195,555.203308,53.158264,749.043518,323.209961
196,556.283264,39.4841,754.284607,322.687439
197,556.81958,57.259262,756.211304,325.622803
198,563.077576,50.020432,757.595276,339.264832
199,549.424927,54.686035,747.530518,325.707245
200,547.26947,52.552917,744.901306,325.890076
201,543.852356,52.387894,741.98822,327.370911
202,546.455933,53.24147,742.34021,328.643677
203,543.584167,55.398941,741.024475,329.222107
204,540.245483,61.770538,739.884155,337.690643
205,538.349121,64.632935,739.806152,341.866638
206,531.348938,60.179443,739.617249,325.244324
207,539.861755,61.519028,736.214905,328.295349
208,544.284546,71.192886,742.790161,337.722412
209,539.991699,78.263535,731.287109,348.448669
210,543.417114,68.115173,748.354858,346.766327
211,543.44928,68.434402,748.439758,347.768372
212,551.06427,71.760574,742.202209,355.51062
213,540.3927,64.996994,755.863037,347.759094
214,556.944458,93.998154,751.430542,350.898193
215,544.66394,70.666962,750.223877,349.364899
216,541.895264,76.756607,743.911743,351.587585
217,548.752808,71.589172,740.452515,369.224915
218,539.989746,67.949722,736.687256,360.862976
219,541.875793,72.617371,732.656189,381.651917
220,539.615479,86.046295,737.17688,369.075073
221,542.638489,61.938919,744.872375,374.859436
222,550.497864,69.609207,735.055603,335.805969
223,545.231689,64.957321,732.261108,327.994263
224,534.105835,60.862061,729.619019,334.11142
225,542.339539,57.733994,742.068787,328.758423
226,537.128235,52.661591,728.625793,316.735321
227,534.099426,73.385712,730.745544,337.628143
228,532.667297,62.004532,732.530334,370.514954
229,530.887756,75.761581,728.069641,362.567627
230,542.709595,65.460556,731.588379,367.291077
231,543.678589,63.459946,736.876587,383.819153
232,545.845459,65.209473,736.922852,405.451263
233,544.867432,61.73555,738.271973,402.748169
234,544.977051,66.485504,735.360596,401.728424
235,545.486694,75.114731,731.410889,387.264648
236,534.136108,66.372406,721.465332,349.456696
237,533.744751,67.841812,722.281372,354.115967
238,537.608887,67.620224,727.259155,357.75531
239,531.993713,66.102066,726.145447,362.082153
240,534.408813,76.016861,727.880981,359.581665
241,528.957336,90.745834,720.382019,357.231506
242,523.518677,94.93399,720.505127,360.561401
243,524.154602,100.029526,718.813782,364.175415
244,526.491882,121.413116,714.326233,377.97818
245,526.150024,130.598694,711.276855,382.020508
246,542.840759,142.217316,716.786804,375.911285
247,530.956177,147.474762,712.13562,389.460907
248,534.287354,160.756027,711.32251,399.45575
249,527.581055,161.66185,704.024414,385.901062
250,524.78009,186.800842,696.242615,404.363281
251,525.632385,215.009171,675.323059,402.971497
252,540.258301,236.34903,698.178467,450.745087
253,529.328186,207.057831,722.039001,449.305206
254,529.770386,210.696564,737.846558,449.663116
255,522.390015,215.818909,752.107544,459.955139
256,533.846497,198.644257,729.831482,440.425446
257,530.978699,139.068207,730.955139,377.928741
258,540.81897,141.828278,731.539673,365.527344
259,518.321228,132.281525,719.668518,356.458649
260,520.30426,133.357742,739.473816,386.226624
261,518.358337,139.239471,725.320984,369.459564
262,509.881897,136.260635,730.969177,363.032898
263,510.689636,144.676804,743.886658,394.964905
264,518.722961,149.754639,733.135803,411.795349
265,525.830933,144.259033,739.865479,414.113281
266,516.404175,157.147858,696.268799,386.886383
267,516.191162,164.491882,693.051514,394.097412
268,520.923767,156.299362,703.264465,396.17627
269,522.545715,159.7547,705.699768,394.603577
270,522.231262,155.594788,705.661316,390.606812
271,522.810059,152.632889,705.713867,392.071289
272,525.032593,154.269135,714.250244,394.300079
273,529.131287,153.911072,715.187805,394.191711
274,529.921936,153.670303,717.417053,395.371155
275,530.403687,152.521301,718.19519,396.194214
276,531.372375,153.055664,718.281921,394.431702
277,532.769775,147.773224,720.5896,392.283966
278,535.244751,143.209656,723.778809,389.192322
279,540.257385,144.122009,721.661682,386.575378
280,541.558777,142.182373,727.272278,386.854553
281,542.878235,141.175018,730.087585,386.744904
282,545.575195,141.943954,732.353882,387.379944
283,548.304443,142.323334,732.877319,385.815948
284,547.491394,138.910339,735.226501,387.201416
285,540.587708,144.564026,729.650574,380.474365
286,550.282593,131.546448,740.670044,382.24408
287,555.862854,124.584587,742.357239,376.24881
288,560.995544,117.805115,752.259338,378.62442
289,563.220581,114.638763,752.817749,373.470856
290,559.907227,113.758446,749.966553,366.416351
291,565.215698,105.671265,759.682739,370.350891
292,568.525208,109.711334,762.386658,366.49585
293,570.630554,110.442451,760.209167,362.249664
294,571.561523,104.55748,758.25061,359.081421
295,571.962585,98.815002,761.544373,361.42218
296,570.729919,92.825333,758.718567,350.109253
297,571.025635,89.50708,761.147583,349.031372
298,570.497559,88.490875,760.496216,347.5672
299,569.511047,87.710815,759.222717,346.608124
300,566.832642,85.150986,758.450928,346.879578
301,568.258057,86.013672,757.14209,342.955353
302,568.547241,84.714996,756.933838,340.677216
303,569.065674,84.500397,757.979004,341.682434
304,570.182129,86.314621,759.393555,342.371826
305,582.380249,94.543724,761.931763,346.331818
306,569.831848,88.544525,757.965637,344.943909
307,568.690125,86.049942,758.641052,355.238281
308,551.871094,100.817329,742.449097,352.693054
309,563.687683,92.587097,753.080994,356.127686
310,559.04364,107.825333,744.212708,355.460388
311,558.012024,96.128098,746.463928,352.554565
312,558.394165,97.121719,745.101318,355.797729
313,557.689209,100.921143,743.269775,357.417816
314,556.410706,101.869286,741.433777,357.756805
315,555.13916,107.420998,737.527222,354.925049
316,370.532654,113.481522,607.688049,444.078491
317,359.97052,115.917984,621.213013,444.062866
318,373.305054,120.691879,606.749573,447.036133
319,375.02179,120.611771,607.604126,444.925903
320,376.293518,124.037537,611.982544,447.868347
321,364.627319,111.660385,616.901062,435.547729
322,365.041962,110.00766,616.613647,435.150787
323,372.858887,102.445663,607.086243,432.580505
324,362.679504,107.713135,615.811157,435.782043
325,361.585815,107.815048,615.387268,436.044434
326,362.245911,107.662781,622.793518,437.766418
327,361.172424,107.994049,620.76416,436.037689
328,360.53125,103.998138,620.664185,438.373383
329,375.879974,97.136002,606.916138,428.397034
330,372.050201,98.574127,609.476562,433.88028
331,373.360107,94.0336,609.75647,430.184479
332,362.322388,84.086243,620.313293,412.696838
333,388.013611,90.830414,606.780518,390.878815
334,363.402466,79.279938,621.856567,399.926086
335,378.437805,69.210968,601.045837,379.080933
336,368.40979,69.527771,602.32428,399.159546
337,368.403137,59.758087,601.107544,393.261993
338,373.423584,59.944504,603.932373,394.043945
339,374.364075,52.423767,605.546692,391.395935
340,361.333374,43.223053,605.148254,386.511353
341,377.752991,26.115845,618.704285,360.133942
342,381.844666,24.663513,616.606628,342.240906
343,388.039429,30.91925,616.646912,335.845184
344,387.140472,17.000092,616.318665,308.310394
345,389.74939,19.565918,624.718018,299.943481
346,387.02124,19.222626,620.466248,286.942902
347,383.279816,30.277908,611.740784,263.389404
348,373.706604,27.828308,606.022034,295.601379
349,368.042053,17.45929,601.33551,282.927612
350,356.80835,9.789169,601.985657,294.738098
351,355.142181,16.725052,594.328064,288.854187
352,334.518768,13.104294,588.287476,312.046265
353,340.656799,6.49292,584.201233,297.247162
354,335.905212,7.624954,577.546448,294.095825
355,326.794739,26.961853,589.932068,316.022034
356,322.96283,10.190811,566.605652,305.84137
357,334.132019,11.4151,571.322632,311.772552
358,332.085876,9.688812,574.316528,316.437927
359,323.182922,8.980042,582.396729,309.976898
360,329.173889,8.021057,593.104492,313.24295
361,332.805115,8.550186,598.143494,313.132996
362,326.649506,21.646881,582.71167,324.659821
363,331.13385,22.044846,587.969238,331.953613
364,358.753174,26.977219,603.752563,335.780762
365,353.135284,26.025314,602.44751,332.129456
366,360.072021,30.323456,615.778992,345.42572
367,354.694885,11.781479,616.109863,334.819153
368,343.766541,21.006882,610.029846,337.752014
369,379.391846,22.07724,622.620056,342.550659
370,368.985382,33.926514,620.926819,348.107727
371,360.819183,18.683212,624.21936,356.495667
372,378.712006,20.217529,624.283508,336.391113
373,366.518555,27.691513,629.53656,348.144348
374,363.889404,19.341171,634.054138,348.223511
375,376.128662,38.55098,621.888367,344.411987
376,368.541748,24.61293,617.552612,339.029541
377,376.31665,35.942505,616.716736,341.404053
378,355.403137,19.47757,613.098877,339.220337
379,359.015442,20.04924,623.706665,355.803833
380,360.289734,17.955276,626.411926,350.946655
381,359.708496,18.974197,624.498413,347.694336
382,360.755127,20.85936,623.935181,345.101562
383,372.441223,20.87471,628.645264,336.365479
384,376.332458,27.593094,618.631287,336.97821
385,368.519623,22.033066,625.954468,336.484192
386,357.0289,20.224976,618.296143,333.266724
387,369.920166,32.756393,611.273376,331.492126
388,354.762115,16.612595,624.420776,347.640442
389,360.043152,25.371002,599.442444,333.383118
390,358.685028,24.209183,612.321289,341.815491
391,347.847351,8.214813,623.02478,334.406311
392,353.709961,16.284958,621.325745,337.401062
393,354.353149,15.918625,622.234619,337.615967
394,355.957886,17.63736,619.019287,335.222046
395,349.122498,11.049561,622.578735,342.432983
396,364.190277,24.19014,629.711304,333.382996
397,368.287598,22.676041,630.207458,329.991028
398,355.350586,24.667038,619.612427,343.322754
399,368.399597,17.144501,623.264282,340.598877
400,373.760895,43.191605,611.581299,340.496216
401,375.087952,34.438873,615.704285,337.048828
402,365.069397,28.269836,620.918762,341.885376
403,360.756439,14.484512,632.275635,344.786865
404,365.436035,23.599106,621.357056,331.690796
405,363.146942,10.262512,637.878418,337.946716
406,364.876892,8.862137,636.079102,332.98291
407,364.323608,7.267151,635.56012,328.16391
408,380.0979,20.46431,627.361084,324.737
409,373.328552,13.4207,622.106384,307.382996
410,364.047394,10.179779,640.094727,325.769104
411,371.932648,11.246902,642.146606,335.67804
412,370.163452,8.387375,639.183655,337.482056
413,370.820831,7.899902,639.189819,338.441071
414,370.242035,6.922226,640.468628,323.993652
415,362.364319,21.704941,634.460327,339.95636
416,378.616089,8.13678,644.639893,320.375854
417,380.895721,16.5271,658.253418,342.568512
418,372.178406,24.934998,660.933533,367.120392
419,406.90564,50.660034,640.251465,398.775391
420,412.744141,75.202744,636.732788,402.539856
421,415.820038,71.905548,646.246948,409.471283
422,414.909943,92.743851,645.124146,408.543091
423,419.279541,89.444717,669.244751,417.115662
424,435.282806,104.778442,670.969421,414.311096
425,434.654175,100.590103,684.482544,434.751465
426,444.943054,92.535553,683.329041,419.397614
427,458.775391,102.199081,687.228149,417.933044
428,464.590668,98.132385,696.933228,424.919006
429,466.636841,95.302094,703.717163,426.303864
430,471.977356,93.367996,709.096497,420.215881
431,477.06839,75.853104,709.578125,404.496155
432,475.687378,72.670074,708.880371,396.980103
433,468.150269,76.758286,704.45459,396.732849
434,462.447876,67.439407,700.904297,388.039001
435,452.13855,64.992569,690.605835,397.252686
436,441.298462,73.528458,680.999634,396.215454
437,433.636566,70.836212,678.827332,384.872528
438,420.54071,75.786621,661.759094,389.453766
439,413.492615,76.133331,648.436829,392.682068
440,410.616577,65.35817,645.439697,383.994263
441,397.597717,59.900803,658.275818,383.144958
442,397.482819,57.48439,636.918579,385.595398
443,384.928894,60.89798,623.351807,382.507477
444,380.593811,66.601227,622.039185,388.794983
445,372.925201,60.086426,636.449951,390.043152
446,385.434479,82.425323,615.671021,389.434143
447,377.561279,63.994492,615.383789,392.581604
448,364.491486,70.776169,609.814697,404.212891
449,378.618469,76.976837,613.035156,393.41095
450,369.363403,77.858322,605.307556,409.452393
451,353.698303,75.523254,617.831543,415.70462
452,348.916321,77.111389,612.846985,420.059753
453,356.171356,88.096603,599.326782,412.988464
454,360.086792,91.86525,595.614929,413.878662
455,344.17215,90.021164,608.835083,429.868713
456,342.865479,90.259521,608.204285,431.655945
457,346.677917,90.947937,595.151672,423.846985
458,355.264435,99.942261,592.111694,431.915771
459,350.61673,100.921127,583.957886,432.639893
460,352.415649,110.987778,589.748657,436.196472
461,344.454773,99.276932,587.352173,436.352905
462,348.810913,99.296112,590.468384,446.218903
463,335.84314,105.714874,600.014282,449.217133
464,342.563751,103.559204,582.713074,437.642456
465,344.046814,113.285645,583.161255,452.412842
466,336.639099,110.319199,595.98584,449.032959
467,342.902191,106.006195,585.489624,443.409821
468,339.616913,112.706772,595.209839,446.976868
469,349.668915,108.564072,591.234497,442.476624
470,344.60202,127.137558,572.26355,446.401245
471,345.751465,128.135452,572.780151,446.028503
472,339.661865,115.082687,594.883911,450.266907
473,343.727478,118.189331,590.53656,449.960083
474,346.056335,108.572861,588.117065,449.421875
475,340.811005,120.140411,591.251221,450.064606
476,339.130676,119.158188,589.680359,450.575073
477,335.546997,104.65416,576.27063,441.119507
478,335.566315,107.63829,573.153259,439.858276
479,330.034729,110.328857,592.172546,453.924255
480,328.983521,112.562286,589.745972,451.03714
481,328.134827,110.761383,590.371765,450.129608
482,341.816193,98.4151,574.616394,436.533936
483,339.667999,105.361969,577.329529,445.720306
484,338.13208,100.794434,578.791504,437.753113
485,338.278412,115.834305,580.234436,436.412903
486,323.692566,95.307617,593.886414,444.215698
487,345.720154,122.5289,578.987366,443.770966
488,347.420929,119.578171,575.898743,441.730164
489,350.875305,125.269684,575.014282,438.670624
490,343.025085,106.552368,600.711609,446.197998
491,342.368896,97.027206,601.27063,439.708252
492,364.160767,109.514206,591.453796,444.658752
493,354.755188,101.682266,588.109314,434.120789
494,358.553223,105.30162,592.186707,428.26123
495,371.186859,118.872009,597.153931,442.121948
496,370.577972,130.180862,592.834961,437.929871
497,371.791565,132.494446,595.855774,442.560974
498,371.452301,132.92395,595.72168,444.092896
499,370.656433,133.541122,597.61615,445.549194
500,361.388214,117.848068,607.565918,441.994385
501,363.030762,121.294937,600.0047,436.240906
502,363.726715,122.251389,600.796997,437.72522
503,360.050629,116.917236,617.420654,444.446472
504,358.352112,116.162689,617.162659,449.629974
505,375.3974,117.848846,607.478699,436.678864
506,370.926453,130.055099,597.395996,439.675598
507,371.546112,127.95517,601.710449,449.557159
508,373.612152,138.208954,601.148926,448.050873
509,372.290466,118.322693,602.692993,431.607239
510,363.598145,121.134705,601.590759,432.067017
511,383.922211,131.42392,609.839233,427.362091
512,390.897858,134.747223,623.101562,431.802521
513,383.272522,121.084473,615.84198,444.689392
514,381.880554,129.118896,614.099121,442.796936
515,382.892334,125.137177,614.935791,441.717804
516,381.225098,120.623779,617.263489,446.225586
517,383.621582,122.82515,616.684937,441.088745
518,384.896973,120.792847,617.802429,439.230042
519,384.674622,148.596939,613.994995,434.305298
520,385.493134,150.187134,614.958008,435.935242
521,393.876984,125.825241,624.164673,440.478027
522,386.156036,152.767014,615.810547,436.696838
523,394.327026,120.860825,628.80011,454.504333
524,394.593323,120.281158,629.825256,455.080231
525,397.561829,122.573837,629.518616,449.672668
526,400.40686,133.251511,628.609741,451.621826
527,400.502045,129.551147,631.390564,453.533508
528,402.63913,131.565048,632.366089,452.992371
529,398.550293,133.607391,632.910645,453.802704
530,402.807068,128.268784,636.423401,453.383972
531,402.563141,128.714737,638.476196,456.422974
532,402.187592,129.452271,638.944885,458.983276
533,402.120819,130.608749,638.450195,460.73877
534,401.944214,131.494446,638.004395,460.384583
535,402.600739,139.368546,636.541992,462.406189
536,402.401398,138.003036,636.93689,463.994812
537,408.873962,139.309677,637.125671,480.698975
538,410.192627,137.910736,639.809448,483.355804
539,408.497284,130.420334,640.673645,480.122681
540,399.666565,133.899765,634.076233,470.426941
541,400.94574,130.12265,634.344421,470.480194
542,400.512054,134.136139,628.593933,461.576324
543,404.066895,129.304245,637.543579,453.094727
544,404.539368,138.433075,638.112244,457.470123
545,405.797577,139.12149,638.154968,454.008942
546,404.3125,132.97142,644.23291,466.993835
547,402.957642,133.437714,644.409668,483.6362
548,401.176727,126.331223,644.98645,480.773376
549,403.144989,124.145416,649.760437,478.764679
550,408.466614,126.611481,648.046692,459.713043
551,407.017761,127.129227,644.922791,456.489685
552,405.879883,125.698517,645.926147,459.073334
553,401.970581,125.627914,647.917236,477.731873
554,399.949829,125.515274,643.026367,474.457031
555,402.906403,135.952988,638.967285,458.466858
556,399.687561,133.219818,641.303162,461.804474
557,396.637268,132.372208,636.32843,458.523376
558,381.185028,116.91893,650.101807,459.037964
559,385.918793,129.250732,627.56958,458.800293
560,376.604126,122.500732,622.434631,458.854431
561,378.814392,133.345078,616.378479,455.742676
562,378.298584,135.30481,613.82135,456.678467
563,366.611633,131.206039,613.790955,451.231628
564,380.512848,134.211136,605.38916,465.933655
565,381.461334,129.666183,617.431458,462.929321
566,372.205566,138.915497,604.643188,468.210602
567,369.967163,140.564453,606.850647,467.952759
568,359.747437,128.295944,619.582275,462.2948
569,362.061737,73.286438,580.510986,371.443512
570,372.206421,95.60553,569.814758,349.637085
571,366.474304,75.219696,584.643127,376.034149
572,367.377258,73.244247,585.423035,378.848694
573,376.88562,93.966705,573.748779,362.52475
574,365.564606,70.293808,588.379456,389.61969
575,369.055328,79.408203,574.491882,364.134888
576,369.636871,68.676544,587.143738,376.084076
577,372.283905,67.894943,589.249878,368.28772
578,381.771454,69.842651,606.613647,362.225403
579,366.055359,88.21199,583.254639,364.411499
580,362.462402,105.836456,569.359497,376.294495
581,348.12384,74.338593,570.889648,392.481689
582,348.944885,75.278534,563.937988,386.939056
583,349.207062,113.997849,556.505493,381.593933
584,340.429993,74.943817,560.786133,393.564575
585,345.367065,106.593185,558.033691,381.562805
586,335.721375,80.254303,548.422119,388.61319
587,330.305237,85.086029,550.839905,394.403442
588,331.642578,87.004959,550.558472,395.446716
589,331.13736,86.008011,551.209473,399.876221
590,333.71814,92.27803,550.535156,395.883423
591,335.981018,88.433029,551.497009,394.825073
592,341.90802,95.045807,564.744568,385.235321
593,342.460815,92.63913,555.437622,390.477325
594,352.235413,103.836166,562.28418,398.464111
595,355.853729,98.164246,567.706055,384.922028
596,362.635315,103.674042,576.08844,391.594543
597,345.77005,93.039124,563.321411,404.012299
598,341.497833,85.7948,572.395874,390.907501
599,359.251221,106.311752,575.207703,386.196838
600,357.291626,93.280869,574.809631,394.075867
601,354.818848,97.402176,568.487732,401.98822
602,356.120331,91.325363,569.891602,400.224426
603,363.476318,98.855621,581.891846,394.632477
604,364.592773,114.877594,573.369446,390.952026
605,363.079742,114.639847,569.790588,384.465881
606,360.088196,94.021393,570.068481,393.991455
607,359.265411,96.056625,579.897888,403.096497
608,368.109528,88.072128,584.809937,382.834534
609,362.259155,94.806381,577.230103,397.330811
610,363.248901,104.073425,577.31073,405.682251
611,364.602692,106.086197,577.220886,406.287964
612,364.207947,106.446243,577.257507,406.696106
613,363.695923,105.84903,578.263245,407.34024
614,365.200165,105.010742,579.010986,407.511108
615,364.172089,115.389038,571.643921,381.656403
616,365.508667,110.74968,580.30835,413.422668
617,366.417908,111.237946,579.210754,415.064911
618,366.706848,119.620117,580.028687,417.90387
619,368.135223,114.827011,579.736694,416.302612
620,367.967926,114.138474,580.513794,416.44281
621,368.249695,112.685135,580.098999,414.930176
622,367.741516,110.644852,579.85553,415.212097
623,367.744293,107.713058,579.969788,413.142517
624,366.301971,110.045731,579.491577,414.405518
625,366.444305,107.566208,578.841919,411.664612
626,367.35791,104.145187,580.034607,408.592834
627,366.922974,104.524597,579.253174,408.983215
628,366.999695,104.105759,579.549377,408.793762
629,368.796356,101.669632,575.911621,404.678223
630,366.6521,96.420502,578.733826,409.831238
631,367.246979,97.486908,578.92041,409.265564
632,367.437317,94.723541,580.518799,407.787018
633,367.854401,94.485245,580.707642,404.734741
634,380.089539,100.766434,592.991089,387.188477
635,384.814148,118.698929,586.235168,378.716431
636,379.266022,113.746185,571.423218,381.404449
637,368.039001,95.940628,581.245544,396.155273
638,367.901703,93.177383,581.928467,397.9776
639,367.662781,92.720947,582.02887,397.73172
640,368.190338,94.712997,581.701416,393.820984
641,368.580658,92.133865,581.449158,389.575134
642,388.494293,114.66394,582.997314,384.48999
643,367.612244,92.297745,582.193359,400.985596
644,368.401276,89.225449,581.286987,399.582214
645,368.254395,91.110397,579.158997,398.113403
646,362.964722,106.044174,568.618408,384.634338
647,378.740448,101.930206,588.183289,382.398285
648,368.299133,111.641022,553.310547,378.566406
649,365.399292,113.074799,551.136108,380.560364
650,354.880127,84.14035,565.379761,388.271942
651,359.563538,107.693314,565.582214,371.424744
652,345.36969,87.478455,567.458313,386.166138
653,347.609253,89.71492,572.06311,391.304565
654,353.615967,97.767273,562.221863,374.230621
655,358.108185,89.246094,557.222168,382.106445
656,359.816711,97.231949,555.833862,403.050171
657,357.690948,101.269897,554.029358,389.967255
658,360.788055,103.496689,567.853516,384.080383
659,361.09491,97.650284,561.459595,390.117676
660,357.590942,85.586685,569.449402,378.790955
661,370.303345,103.155441,571.472961,376.495911
662,363.641235,95.846329,579.114319,391.156006
663,360.926697,104.348694,575.52063,385.252197
664,364.111694,90.470703,577.392456,395.070801
665,356.766205,101.873306,571.786987,389.037354
666,367.557526,93.304367,579.78125,400.875854
667,367.184601,98.877258,572.764038,381.246643
668,376.993286,107.549667,564.197937,385.360962
669,381.563049,111.165894,565.914124,386.178131
670,376.615631,101.908371,582.795044,398.834778
671,373.364899,98.368332,580.573975,400.661865
672,377.832947,101.410095,584.033875,398.290222
673,380.400421,100.924225,587.020264,406.988586
674,391.171173,115.905869,587.949036,397.749695
675,394.281494,114.753357,590.579163,398.014404
676,378.615387,102.258331,581.930664,400.406128
677,384.748444,115.357117,583.637817,390.120605
678,397.553772,123.665192,589.900696,395.250519
679,392.497559,124.496948,585.109192,404.177734
680,393.944855,120.806747,576.272217,394.383179
681,396.782135,117.283157,592.224182,401.34021
682,388.427063,99.55629,589.852173,413.34137
683,388.126129,105.927521,584.414429,395.708191
684,387.856171,108.721313,581.030396,392.964722
685,388.719604,109.493515,588.082458,397.993408
686,388.597473,116.914429,585.004883,403.243591
687,388.597443,116.891296,585.026917,403.248352
688,391.253021,121.013428,586.067932,410.603333
689,397.777893,102.422134,594.163391,411.254822
690,393.419678,95.109741,595.841431,392.501617
691,397.529205,99.720093,594.012573,396.722107
692,396.278992,105.471191,584.899841,400.961578
693,405.049866,102.934952,595.929138,406.270081
694,413.781067,108.63887,606.177246,399.73645
695,396.513153,108.849106,603.377502,403.253845
696,410.89566,96.90802,621.143066,411.876617
697,412.967682,111.661652,616.021729,409.503876
698,414.625519,111.33107,615.516357,423.45813
699,407.708282,108.078522,614.075684,433.026947
700,405.481293,96.406845,612.736084,433.617126
701,410.948944,115.454849,618.566162,416.864075
702,400.748108,103.299301,613.501587,436.121155
703,401.069244,113.271347,618.924561,423.134521
704,406.965576,100.251953,606.739197,423.703064
705,399.571503,103.827988,606.709106,427.607056
706,409.121918,106.672562,601.513245,423.438477
707,399.82431,102.104538,610.536194,435.86731
708,406.93634,111.247711,604.663635,427.120819
709,405.416107,112.18161,604.039185,429.916473
710,406.937256,102.388763,608.669983,423.77597
711,403.686462,114.484406,612.39447,425.207123
712,406.834167,110.641724,610.010986,424.475647
713,404.118378,111.151093,614.718567,423.729645
714,397.986267,104.296738,613.951172,441.054688
715,401.736786,100.304001,614.646484,431.702881
716,406.705383,99.328384,614.757446,437.012146
717,407.69101,103.700821,605.27002,418.912292
718,419.172058,116.485458,624.19281,430.095032
719,415.183777,112.244797,621.734558,436.461975
720,403.266235,106.186783,609.289246,442.07782
721,498.40863,82.812134,707.275696,375.517029
722,499.006042,82.735046,704.384216,374.198822
723,480.842072,87.311935,689.445496,374.807434
724,483.536621,88.637985,685.433472,367.155457
725,480.079987,85.911591,681.549194,349.129395
726,470.626404,88.272125,673.040344,372.596802
727,472.536743,98.028351,664.671997,364.168884
728,446.219299,87.857376,657.44989,355.396851
729,448.382874,84.363403,662.88739,360.509369
730,454.82251,91.232559,644.041504,359.604492
731,451.188904,98.590561,639.750549,359.566528
732,449.401978,94.685104,639.203369,361.494751
733,447.522064,88.84874,652.579407,358.586121
734,438.630096,72.178711,629.654785,392.474335
735,429.832489,67.512741,627.251465,392.364624
736,439.800201,52.902863,635.560059,385.082306
737,445.786407,57.224091,645.21106,384.364624
738,420.075867,61.687256,634.114319,348.803772
739,426.427063,54.543488,645.37616,352.146851
740,432.581421,62.741562,641.852173,355.821533
741,439.808868,57.588959,649.977661,335.764038
742,449.893494,69.484604,651.556946,327.459534
743,448.591492,44.565399,656.067322,358.222778
744,446.084045,61.450974,661.804504,365.294373
745,464.698669,71.357742,666.52179,341.348816
746,465.468597,70.838547,664.829224,380.662292
747,469.268402,65.512573,668.907104,374.388611
748,473.957977,63.930573,668.419556,384.379059
749,471.538483,79.72493,666.637695,386.024109
750,490.324463,62.76413,688.074097,373.026703
751,478.634827,75.008102,691.986389,383.194214
752,487.632568,72.538101,676.322388,381.669983
753,506.209534,63.045609,699.041321,371.823853
754,498.662537,68.5392,695.152405,375.920349
755,500.865112,64.929718,700.616699,375.65097
756,503.551758,63.016449,699.83667,375.135162
757,503.384003,57.293243,710.322632,373.661011
758,512.52301,52.383911,705.647644,358.422363
759,517.045227,40.773422,713.770691,346.164551
760,513.356201,41.553635,715.462769,329.904297
761,513.564331,40.178833,715.519897,327.097321
762,520.191833,37.49791,721.77655,328.08844
763,534.123108,46.224701,729.016052,319.115509
764,533.796814,56.310349,729.662781,324.84967
765,524.033569,41.750931,735.661499,346.766357
766,525.453796,41.10704,735.791077,347.528931
767,522.502502,39.225204,739.272034,370.617249
768,521.294922,40.301895,737.286133,350.675171
769,520.160889,42.649246,742.957886,359.013123
770,522.331055,57.824997,737.557129,364.44928
771,511.874237,68.598434,742.920288,357.516602
772,519.864319,61.972534,741.615295,348.599518
773,519.302307,75.582596,722.212708,332.203003
774,506.176758,67.867393,709.669922,313.674286
775,505.244812,47.241592,704.427673,328.891296
776,502.632019,58.001694,700.977722,327.071655
777,499.264374,60.130112,693.505554,323.590576
778,500.02356,70.705841,682.934448,322.459808
779,498.498718,71.287659,681.635803,327.924988
780,499.612213,79.148613,679.950867,332.63797
781,497.850586,83.21936,677.81189,339.380707
782,488.736908,98.848335,669.112488,330.863464
783,502.779358,96.387619,679.685974,360.106567
784,492.421387,106.154526,687.801758,382.577148
785,506.608368,107.315613,682.817993,385.41153
786,510.821808,118.344559,682.625244,393.927368
787,507.776306,110.102509,688.707947,378.135712
788,509.020935,116.08075,687.369202,369.536987
789,509.698425,119.682785,691.410828,371.212952
790,508.239899,123.747604,694.737854,389.564758
791,507.604095,129.453583,699.467896,420.291412
792,507.089233,133.126419,695.905518,424.01123
793,504.869049,127.156128,698.263672,433.833923
794,508.502838,147.102234,704.208862,445.537292
795,489.994171,136.451935,705.526917,455.215118
796,488.123047,139.664276,694.385864,442.358368
797,495.725525,129.849747,696.393494,447.534607
798,491.16983,135.87854,693.118774,438.79248
799,488.608948,141.790131,683.391052,433.612396
800,478.975006,142.045532,684.739746,440.10437
801,480.888245,149.987839,668.011902,415.295349
802,488.70282,144.266342,673.078918,418.239563
803,482.272339,157.824173,667.545044,434.094788
804,480.543579,159.67392,664.359863,435.595001
805,475.704834,155.398178,658.736938,437.741516
806,471.141296,145.060287,669.698547,416.173218
807,467.083374,139.082108,676.868286,440.400635
808,482.660767,149.489319,682.322266,411.598328
809,482.485352,150.585175,672.148438,415.123627
810,482.838104,153.012482,674.317444,413.68515
811,482.591003,146.197174,679.721985,415.139313
812,486.268219,151.34964,680.420593,413.69809
813,488.757202,146.969818,675.900757,401.857269
814,488.262421,145.63472,675.752808,408.780884
815,488.007263,134.1138,674.090271,411.231781
816,487.923737,132.128372,674.588623,413.861145
817,489.20401,134.771957,673.990479,413.447632
818,488.957428,137.60051,674.080139,415.064453
819,488.420105,139.047928,675.088684,411.240845
820,489.90625,139.848709,674.982178,408.814026
821,490.641052,148.989136,673.116028,403.31842
822,486.010956,149.93924,666.131653,401.651886
823,486.657318,150.881439,664.45282,399.731781
824,489.30954,122.97403,665.048157,411.977081
825,485.324615,128.400879,666.724731,383.596039
826,482.164215,138.996475,662.539429,391.388611
827,479.805481,130.162521,664.113831,384.55426
828,483.961212,126.981628,664.055115,380.006744
829,483.204712,112.402512,664.818604,369.066772
830,384.740723,182.918457,633.646667,522.279358
831,387.543854,166.639114,623.863892,504.973145
832,391.293671,178.186584,630.225708,516.733887
833,395.775909,161.720535,633.800781,490.888855
834,397.462952,166.623016,634.732727,500.566071
835,385.670502,149.648926,632.661743,472.433716
836,395.325195,144.1996,635.357422,477.342163
837,381.380798,138.962311,651.252747,475.789825
838,397.813293,140.177933,628.94281,458.029175
839,403.116028,145.588028,624.98114,459.125305
840,396.466614,121.480698,644.4422,467.928955
841,401.664856,129.90741,639.706848,456.672852
842,417.754517,127.654144,653.602295,472.685272
843,426.755707,130.736191,656.90802,464.268738
844,434.319489,135.46933,658.662659,459.236481
845,434.02179,132.070831,664.040222,445.781158
846,434.036743,128.071289,672.869507,437.702515
847,433.946136,126.277618,661.42981,440.496796
848,416.720764,135.299561,649.470276,448.524963
849,408.70575,125.652145,640.634827,452.121704
850,413.101074,121.499161,652.544922,467.788696
851,434.934662,130.385803,668.852417,475.342285
852,420.216919,119.996689,695.766113,484.167908
853,427.573242,131.955399,677.305542,483.132996
854,412.846466,122.496552,665.604126,488.160004
855,392.410645,115.129456,681.615356,506.38269
856,383.465302,128.624527,650.986694,514.531616
857,380.490173,139.061859,634.056274,516.564453
858,370.507965,128.8974,654.627563,514.455139
859,378.381989,149.186325,630.468689,518.580688
860,370.442841,150.097916,637.366089,513.093018
861,363.413025,148.57132,647.802307,524.485718
862,368.052917,154.681076,639.527283,518.755249
863,372.204224,171.675018,614.835327,525.564941
864,373.581055,157.036743,631.096863,518.488708
865,387.747528,152.389038,639.22583,503.639771
866,369.672546,166.64151,612.440735,517.333862
867,370.81778,149.200729,618.981873,505.136658
868,370.134583,158.352783,617.706543,513.457031
869,382.885681,145.874802,632.953796,495.071838
870,354.386414,135.565338,640.888489,500.571503
871,377.7995,154.237122,628.580261,503.712769
872,379.960754,156.141129,631.44043,506.438904
873,385.756927,132.526703,641.654541,479.684479
874,392.911743,154.159424,628.85675,497.01593
875,393.125427,154.232193,632.920349,490.544067
876,393.830963,153.622818,633.930725,491.906372
877,376.297119,124.429962,659.01709,502.041351
878,389.757172,121.776627,636.950378,487.329529
879,392.451996,119.115662,648.957275,474.560547
880,392.668213,123.40567,655.858032,460.834747
881,403.782745,107.696747,646.440796,463.380707
882,408.635498,104.205917,645.613281,442.86853
883,393.155762,94.599365,632.552368,456.810669
884,400.207031,77.081619,649.712402,448.123779
885,402.611877,79.921463,637.329163,432.733704
886,403.359344,74.488693,634.585938,412.876282
887,409.161652,68.94101,631.720093,409.852417
888,403.28125,65.83345,634.212646,392.31366
889,394.688049,58.933914,622.43573,369.210999
890,380.335144,64.185898,607.679138,358.404419
891,370.055298,56.403015,601.682434,365.134399
892,343.270325,35.5327,620.851257,377.669189
893,339.980408,49.957092,596.878235,409.853882
894,333.393768,59.685654,585.612488,423.610962
895,315.453003,41.526306,591.457275,445.455292
896,292.731445,59.663696,588.157104,442.956146
897,283.766266,32.695892,600.90979,457.841644
898,275.477692,29.408478,603.206299,465.406006
899,268.459412,37.145325,605.717224,471.847626
900,269.218567,38.945816,607.457947,480.690369
901,278.279602,51.99028,606.905823,489.002686
902,276.450134,47.422272,609.149597,497.95755
903,285.403229,49.216034,623.336792,503.394684
904,296.338379,55.068665,620.986755,497.804138
905,324.843445,51.394302,626.88324,466.002075
906,328.466187,54.904312,647.079041,489.522522
907,337.947388,41.805573,652.713867,491.136139
908,350.966736,49.219925,663.576904,475.098083
909,381.946106,47.378799,648.376648,461.238281
910,386.554016,45.174622,654.7901,461.126923
911,380.540894,37.730072,679.294434,439.394989
912,389.367798,33.023804,679.594116,439.46759
913,387.095764,45.227768,675.919739,432.752197
914,412.582062,78.631714,645.651794,438.971252
915,407.399536,92.871033,645.465454,424.1604
916,392.429077,95.553757,638.763062,438.832458
917,387.705841,118.578476,637.211792,455.200989
918,388.327606,132.661636,616.018066,468.210266
919,377.240204,116.688217,611.863342,480.796753
920,373.383423,119.015671,613.295288,462.314758
921,362.944794,122.26355,593.071777,478.128113
922,359.127197,132.472397,586.282532,464.914246
923,352.86554,131.373993,576.691956,461.044647
924,349.267853,129.636612,583.619507,462.980408
925,339.360901,123.508423,564.722595,459.283813
926,337.659576,113.02182,576.038818,455.160431
927,346.422302,120.394791,572.614441,454.471558
928,348.52182,124.245453,571.726624,451.939056
929,353.605408,122.394104,579.610229,450.243652
930,355.340698,120.57402,582.746582,449.443665
931,360.488342,116.459412,592.620422,453.566345
932,366.209717,124.6548,590.337036,448.258911
933,374.376465,122.903442,602.455994,449.045776
934,378.578888,117.353485,609.939148,450.935455
935,426.686401,106.8591,654.751953,423.784698
936,425.736328,106.550568,656.024048,424.577728
937,422.84436,105.371552,653.782104,426.70694
938,422.993042,106.547272,649.244385,413.644928
939,422.792084,108.090515,648.456116,415.489197
940,419.491028,92.569305,660.314026,422.106049
941,418.766541,117.792068,646.656311,438.501343
942,418.622223,108.37735,651.255493,440.545258
943,418.185944,106.370651,652.443298,437.442078
944,432.644897,96.659149,657.502319,427.63681
945,424.806641,108.86972,644.990601,436.376678
946,428.297729,83.646835,655.536499,421.836426
947,431.614502,92.206848,647.038696,407.41687
948,420.010376,88.39299,642.276855,408.569397
949,421.071472,88.556107,635.458191,389.738525
950,410.02359,105.706284,621.221924,384.69165
951,394.258392,98.915115,611.980408,392.659607
952,395.471588,93.983231,615.494751,391.506165
953,378.098022,101.857849,601.506287,401.881134
954,372.425232,87.726501,599.686462,421.729279
955,378.493225,101.417526,597.322327,423.271118
956,379.967712,104.599182,594.906128,462.814819
957,347.143372,116.359955,592.699036,496.97525
958,341.452576,116.870911,601.945496,529.317017
959,329.952576,130.567581,589.436157,505.559875
960,319.576385,117.272873,597.079224,529.183716
961,314.131897,139.677444,599.297791,516.912781
962,316.54071,144.121979,608.40979,508.230316
963,319.675049,137.092621,626.33136,535.959839
964,329.828827,140.40097,624.274048,518.640015
965,347.641663,148.242111,620.876526,520.701843
966,348.418182,145.237396,621.453247,529.776611
967,344.241974,146.490204,629.744507,534.228882
968,348.62854,153.912918,627.902222,531.747559
969,361.929443,144.570053,655.199463,547.361572
970,373.626068,148.208267,657.270386,547.81311
971,378.187775,144.990692,665.963989,540.655518
972,373.407532,140.092163,669.385437,539.182922
973,389.553925,136.130432,673.61084,526.870056
974,407.418121,138.335724,673.981445,543.295532
975,410.339111,133.54184,673.532959,535.571777
976,417.75354,130.353638,681.039917,524.70752
977,426.932709,138.234406,683.004761,481.410431
978,425.559448,130.30278,697.534058,482.198853
979,428.839172,129.539093,684.49054,494.385834
980,426.640137,122.757614,680.131226,516.696472
981,419.14856,122.738693,678.401245,481.215271
982,433.958984,125.069229,684.285278,472.217102
983,426.356018,137.171234,678.142639,472.532196
984,421.303558,127.277466,680.438232,473.849182
985,424.094971,180.117706,615.195801,452.968719
986,415.107666,168.019608,626.533936,465.802979
987,421.468933,178.946548,639.662048,466.570496
988,410.530945,167.8806,622.406555,467.275391
989,418.054932,177.098297,633.973145,448.977142
990,416.993835,170.601028,624.843079,460.917358
991,419.817413,170.117249,613.313232,439.716248
992,414.862946,167.668228,622.250122,456.596741
993,407.387817,166.997559,628.636108,448.721252
994,403.334808,160.752014,612.3255,459.217468
995,404.260101,164.65239,629.322266,452.548706
996,400.716888,152.547379,613.082886,460.724487
997,408.239471,158.967575,603.580933,431.687317
998,395.168213,140.128616,624.57428,461.764038
999,401.18927,144.520844,621.752258,460.345001
1000,397.598877,138.653351,610.453064,449.370026
1001,394.215576,151.349075,611.597961,461.281067
1002,392.264954,154.684097,606.082031,457.63855
1003,386.992889,154.230957,602.168701,458.497864
1004,395.60672,171.331467,597.498901,439.797791
1005,373.644714,155.564636,596.299255,446.10498
1006,384.528748,160.649216,599.355042,439.382568
1007,388.153168,169.557388,598.834229,452.490967
1008,386.716858,160.835434,605.506531,445.880127
1009,385.511078,150.299591,606.523438,460.458954
1010,402.380737,161.445572,624.465332,443.564392
1011,402.734802,173.388748,611.00946,446.902832
1012,393.968353,150.78363,613.605408,454.082031
1013,404.369537,154.212875,622.114746,457.599976
1014,401.163849,150.550095,620.945984,456.779419
1015,404.394226,149.635376,621.066589,453.723328
1016,414.676788,162.557938,618.050781,424.026123
1017,406.981842,132.975128,625.493042,439.794708
1018,419.538757,152.786606,615.159485,426.250549
1019,403.762939,118.196625,624.737061,435.969818
1020,416.856964,119.145264,631.273621,426.223755
1021,418.235107,114.131241,634.661011,423.778259
1022,414.884949,111.827042,632.338684,423.014282
1023,414.927887,117.963058,630.862061,425.914795
1024,415.201538,122.865341,630.324097,425.878601
1025,411.849548,124.086426,631.366516,436.466309
1026,411.701843,124.682755,631.003357,437.956665
1027,409.976624,123.086441,631.284973,442.751953
1028,417.792267,142.069305,618.242798,429.00412
1029,409.561646,130.583557,627.62207,437.856812
1030,407.314575,130.409332,626.109619,439.249725
1031,413.20401,145.335556,630.779663,430.117432
1032,401.93219,128.794647,618.955383,434.839996
1033,401.820587,135.14325,616.42395,439.583191
1034,398.646667,128.439621,619.220276,448.202576
1035,394.028259,144.937851,611.799133,446.68042
1036,388.356415,140.766556,612.641602,457.672852
1037,387.135895,134.772736,607.32782,449.187836
1038,385.376892,138.934784,605.104248,453.790192
1039,395.799866,161.378067,614.213318,439.333984
1040,384.851501,155.556259,599.610107,465.079895
1041,382.230225,157.821686,600.629333,471.286774
1042,381.142303,158.852356,600.194702,473.239502
1043,393.582825,170.718857,601.077942,445.291992
1044,379.830017,177.86882,592.192688,454.201416
1045,375.632355,168.515411,593.426147,475.099762
1046,373.911774,171.788849,591.86676,477.435455
1047,380.883606,187.960388,588.816467,458.178223
1048,378.849731,176.367966,582.744202,450.638062
1049,363.885895,159.685242,584.101074,440.235046
1050,369.009338,163.193085,580.452515,464.94223
1051,364.059143,159.036194,574.506165,459.36676
1052,352.538818,148.613159,568.071106,461.180115
1053,342.66217,142.05629,563.511902,462.229797
1054,344.375397,138.819443,561.768127,453.518066
1055,346.657257,136.189896,565.714478,456.293091
1056,346.282501,136.506393,563.770264,451.661926
1057,347.866211,127.405441,574.222473,438.987854
1058,338.03244,126.699997,564.597534,452.342285
1059,338.022217,135.764969,566.200439,458.418213
1060,340.479309,132.541504,559.421875,452.089905
1061,339.963013,128.176544,565.62915,449.931671
1062,340.475769,126.478104,564.039734,442.334717
1063,349.263245,148.513657,549.775085,432.266663
1064,349.494385,133.559265,561.25,410.256226
1065,351.074829,140.752121,567.669495,425.137085
1066,337.54776,122.822388,562.296936,441.304993
1067,353.821564,145.324829,569.656555,428.478882
1068,352.352417,135.682327,568.868958,416.222351
1069,347.975464,118.811676,561.512817,416.615021
1070,340.267822,114.600327,570.182068,438.400574
1071,357.730682,123.020554,573.861328,439.702515
1072,338.744934,102.204971,565.777771,428.02594
1073,345.381348,101.836639,561.859131,424.040314
1074,345.094452,106.977264,562.273682,433.045929
1075,343.241272,126.066574,547.117371,437.030884
1076,347.213501,127.618393,545.31073,448.55481
1077,335.417725,138.366104,541.165344,445.279724
1078,332.561157,122.369354,537.354248,445.584686
1079,333.63797,130.26915,528.326172,444.367065
1080,356.428741,129.19046,552.599365,448.417267
1081,351.747925,129.168671,573.713623,409.035675
1082,361.519165,114.396561,580.38916,433.285095
1083,363.130859,130.215698,604.665649,415.945862
1084,392.29129,120.442856,644.83252,429.050903
1085,390.115967,118.173279,648.435547,441.165649
1086,409.696136,112.945755,642.449341,431.491943
1087,414.748413,121.521057,650.850098,423.379333
1088,421.442017,117.195038,656.731201,433.828461
1089,419.517212,112.207169,658.387451,436.896606
1090,409.053589,122.369797,683.514404,441.216553
1091,414.967285,112.742798,658.934937,446.597412
1092,413.989441,113.755737,658.804504,447.168884
1093,426.921265,118.060394,661.858276,439.099396
1094,414.642822,116.386459,657.072998,443.521667
1095,413.937347,109.829987,655.297607,441.008636
1096,429.317841,106.181274,661.986206,442.004822
1097,410.914795,115.830719,653.749878,448.414886
1098,411.838196,115.824524,652.961243,446.877197
1099,405.601349,117.268723,646.889771,448.543579
1100,420.119019,126.295471,658.376831,444.677124
1101,420.1026,106.350296,650.757996,438.758667
1102,400.882263,108.097794,644.648621,436.35675
1103,411.336823,108.722458,645.768066,432.413208
1104,403.230896,111.221619,640.943054,438.576172
1105,399.884521,108.905258,640.84082,441.418884
1106,398.773712,109.929382,639.206299,439.57843
1107,398.924377,110.899475,638.287659,439.011475
1108,395.215576,108.750443,636.125488,440.055969
1109,393.86969,109.71788,634.561096,440.130005
1110,394.432068,110.43927,633.834534,438.76532
1111,393.385712,111.159027,632.904114,439.562408
1112,393.641418,108.911606,631.974792,437.020264
1113,396.043945,110.023071,630.306274,435.113098
1114,398.999512,113.57428,629.415649,439.520874
1115,399.746552,111.434448,630.339783,438.684509
1116,399.469757,109.926758,634.668274,439.417542
1117,401.715668,132.459229,621.099731,416.443115
1118,402.866943,99.599655,627.894043,435.846741
1119,400.670929,126.486328,622.507019,414.211792
1120,399.757202,100.706512,628.804565,421.492828
1121,395.270691,92.711639,622.567749,423.950775
1122,392.023743,91.150375,622.024231,416.872681
1123,384.983765,84.168167,619.35498,415.33313
1124,376.177032,73.386337,622.200256,426.208008
1125,386.216827,95.400864,623.650513,444.750244
1126,382.53125,73.218323,634.156494,446.790466
1127,369.029266,84.479721,660.459717,459.096252
1128,368.934448,96.795059,643.616882,450.316772
1129,353.683167,92.45343,652.669983,455.243469
1130,339.893219,95.324585,643.97876,463.788513
1131,360.279236,111.57843,647.411194,467.594666
1132,345.927185,133.142761,656.788879,522.933899
1133,345.847595,130.229797,666.95575,553.054749
1134,337.593719,130.673401,656.439941,574.103027
1135,344.572144,142.895111,666.978149,573.055908
1136,348.577606,161.553375,659.321289,578.427246
1137,351.235992,162.995621,670.348511,583.855774
1138,357.007996,158.389084,673.692444,590.263428
1139,367.062744,161.742447,674.619019,595.39209
1140,352.221161,157.034515,675.465332,598.206177
1141,354.044495,148.919601,674.044373,580.8396
1142,352.000427,145.993805,673.393494,576.880981
1143,365.17572,149.504639,674.164612,564.962219
1144,353.320496,145.642303,664.906494,550.808228
1145,361.685913,143.396454,678.673218,565.42688
1146,362.116699,144.705383,664.818481,545.686523
1147,398.847351,89.536224,627.338074,411.876709
1148,392.169586,97.76532,622.596436,394.378723
1149,406.852661,90.483398,636.213867,398.188232
1150,400.87561,88.767502,632.458984,404.559875
1151,409.279846,92.728836,646.673645,411.270264
1152,406.293274,87.554611,636.955383,400.826599
1153,407.430298,88.259674,637.671143,401.407837
1154,405.974213,89.672607,638.863892,403.374725
1155,403.690948,85.850128,645.071655,419.539307
1156,404.940613,75.799698,643.660217,410.388184
1157,404.442688,90.860535,655.401184,412.426056
1158,404.332947,83.778229,653.141541,394.494385
1159,416.663208,73.237564,643.207153,382.127502
1160,418.259644,69.814651,648.612671,371.005676
1161,421.489502,70.297699,645.898071,368.483307
1162,411.194702,67.914597,636.953857,380.364197
1163,410.165894,67.268402,633.518555,370.25647
1164,411.027679,61.114731,634.086182,365.955627
1165,413.662842,63.25856,632.776733,359.153809
1166,408.226135,50.57428,633.903503,358.280457
1167,408.991882,47.297958,631.548523,353.044128
1168,403.761475,41.33342,627.843994,357.744446
1169,400.578247,37.390747,621.94043,341.554901
1170,389.772705,45.586288,624.910217,343.817139
1171,395.702209,25.772568,617.944397,321.342712
1172,390.121735,34.511459,629.596191,318.739014
1173,391.242981,19.826813,605.747681,302.414642
1174,388.390381,20.219513,602.711792,306.050446
1175,389.432037,13.573395,608.651001,294.514465
1176,387.128418,32.331535,603.637085,268.129883
1177,390.05603,15.879471,610.83728,278.395081
1178,389.978912,18.908615,608.051758,274.813965
1179,389.206573,24.800858,606.345825,288.209961
1180,380.402832,21.885773,609.348267,305.056061
1181,372.150665,27.61731,599.164795,312.557648
1182,370.027954,28.362045,596.73999,319.141052
1183,368.371338,31.004379,592.179443,312.499268
1184,366.245087,32.683182,589.223022,318.908813
1185,363.486633,29.855072,587.152283,320.641388
1186,360.114502,28.911499,583.225647,321.776398
1187,370.799927,44.368958,584.683289,314.026886
1188,349.091492,32.02095,573.508118,332.934143
1189,348.973022,33.54216,570.590027,329.597595
1190,346.591431,33.327301,571.46936,339.457733
1191,347.600708,32.559006,567.919189,321.495605
1192,343.776428,28.019775,576.303467,319.996582
1193,350.95166,28.539932,573.465271,314.373962
1194,350.650177,27.092194,577.200928,318.004181
1195,358.232544,27.555649,585.190002,314.249146
1196,358.741852,24.868561,589.818481,323.909515
1197,360.913147,25.805618,596.551392,337.203308
1198,366.293549,33.392578,604.036865,343.755157
1199,370.752319,32.475693,613.61908,358.23114
1200,383.022949,62.988892,613.830811,358.488037
1201,377.747131,46.9785,617.379456,370.778015
1202,384.47345,67.429794,618.85498,377.3526
1203,394.345825,57.448578,628.449402,391.121613
1204,393.342163,71.033508,622.489502,398.628052
1205,393.326477,72.106094,620.741516,396.857422
1206,393.465363,74.476578,618.200378,394.129883
1207,392.919495,80.67778,611.126404,387.38623
1208,383.491943,60.356369,622.794373,389.708069
1209,382.073181,61.723572,621.470886,393.073853
1210,380.64444,57.452942,623.384277,399.492737
1211,389.256348,84.102478,608.646118,399.57312
1212,378.634857,59.903793,619.101807,390.823975
1213,374.462097,73.476074,617.332764,389.908051
1214,383.771912,86.238174,608.505127,403.598816
1215,373.834412,68.423721,612.043335,416.132996
1216,370.941772,81.648361,622.294617,432.606323
1217,376.278168,70.701965,602.921631,423.357391
1218,378.868439,94.320404,604.795593,435.359283
1219,386.993774,100.461075,609.213806,437.113892
1220,385.43219,82.246277,612.091797,431.245789
1221,374.665741,89.397324,614.911377,436.449402
1222,383.530548,89.852478,607.589722,416.715149
1223,380.06073,88.310638,616.474548,420.872375
1224,378.790649,89.591888,613.138733,410.915955
1225,377.371704,91.596863,610.15802,406.218262
1226,375.236694,90.005661,609.278015,404.285095
1227,374.839691,100.521881,604.811035,406.668518
1228,375.139954,103.872849,602.913879,406.199158
1229,369.464996,89.048096,592.478577,409.715332
1230,387.059204,94.293945,603.817566,385.681671
1231,371.085632,107.378601,606.810791,397.539612
1232,372.313416,90.809677,606.302002,417.118469
1233,368.155396,84.606201,613.794128,402.597809
1234,369.360779,85.467102,612.211304,399.727112
1235,370.054626,87.61412,607.946716,418.175232
1236,381.046753,81.716904,616.624878,404.184326
1237,380.543762,91.509521,613.913696,418.031494
1238,379.48407,112.677429,613.229065,399.706299
1239,388.030487,89.397934,614.808228,411.502563
1240,387.629974,87.599564,615.506897,410.580139
1241,371.532623,102.736786,606.629333,404.639679
1242,388.62677,89.960739,615.123352,410.008606
1243,391.007538,92.586594,614.880127,410.018616
1244,392.007507,99.666992,620.065491,396.637024
1245,381.078918,102.78418,611.547668,416.82019
1246,381.289612,102.726318,611.535217,416.731445
1247,383.1008,104.07399,610.463379,414.741821
1248,383.931213,102.790955,611.182983,415.207214
1249,383.490387,101.806351,611.303162,416.791016
1250,381.843689,103.031311,612.162964,421.380615
1251,405.348938,118.460297,619.601135,409.916779
1252,405.499573,119.313477,620.449158,409.970398
1253,403.770752,112.548538,618.529968,408.630859
1254,401.628693,115.076782,614.02771,408.864685
1255,398.499207,120.222778,608.2453,411.304077
1256,383.462341,125.107559,597.427063,409.439575
1257,385.236725,109.925308,602.140198,425.84137
1258,385.017029,110.218353,601.322144,426.666901
1259,376.829651,113.709076,600.075989,424.323212
1260,376.538879,114.212708,600.475952,427.607056
1261,391.590515,133.369217,597.323364,415.73053
1262,366.795166,123.886673,595.979492,431.755127
1263,389.118164,119.733459,605.900574,431.959839
1264,370.81488,115.092529,601.256165,431.766113
1265,375.733887,133.533798,589.014709,444.843933
1266,374.104614,135.135223,585.750061,444.137848
1267,369.593384,134.878738,593.919434,433.934753
1268,365.828613,137.696335,599.375671,424.894714
1269,368.56839,116.702682,591.922119,432.269165
1270,367.981934,114.703796,592.929016,432.851624
1271,376.800476,120.887314,597.554016,432.169556
1272,359.841858,118.905457,597.551758,445.667297
1273,364.933441,122.130005,587.245728,438.02356
1274,370.596466,124.151489,588.239075,433.977356
1275,362.059387,114.391571,586.36322,405.773834
1276,348.443573,99.067123,592.373657,438.510864
1277,360.74585,115.19632,596.226868,423.61203
1278,349.427002,104.829102,582.031189,432.559753
1279,345.37088,114.369614,572.359253,436.31897
1280,339.84549,113.359589,567.049927,435.978668
1281,338.457977,119.919373,564.458862,436.596741
1282,322.967712,116.880127,563.521118,419.864624
1283,322.23468,122.159286,565.118225,429.790588
1284,324.319244,127.847168,546.050903,409.389893
1285,312.435303,118.935989,546.025757,423.418518
1286,330.63916,135.809402,547.845581,420.982178
1287,324.351257,134.861206,548.718994,426.129639
1288,319.549927,111.371948,541.955261,428.720154
1289,312.204773,110.55545,563.232849,425.697479
1290,310.807983,114.414032,545.787109,419.793732
1291,321.829102,115.061554,552.016907,436.115265
1292,334.80127,107.991028,559.654602,417.414185
1293,337.003357,107.612823,563.128052,419.100433
1294,318.376526,107.329865,553.986389,413.16684
1295,331.811035,108.886597,563.041626,438.945312
1296,335.474121,101.550766,565.862793,437.462585
1297,334.672699,107.369339,570.34436,419.603149
1298,333.834167,103.94133,570.439697,439.653625
1299,348.753082,109.059662,576.913391,437.190033
1300,348.904236,111.810944,578.599121,445.624237
1301,341.475861,106.940125,579.761536,441.2323
1302,363.245667,116.844589,581.000427,441.744324
1303,354.460999,107.915237,587.708984,441.442749
1304,366.004303,122.854477,596.180908,438.499878
1305,346.849976,102.52951,586.560425,414.317841
1306,358.59848,96.755264,593.621399,426.26355
1307,363.352173,94.650757,598.493164,419.058899
1308,361.782654,87.204056,601.338501,413.343933
1309,361.584625,102.716324,598.644714,406.833801
1310,361.535614,98.653641,604.667969,409.361572
1311,368.549377,85.475555,605.685974,415.077362
1312,373.84729,92.162811,617.492676,401.72229
1313,374.031403,80.294449,612.908264,407.555603
1314,357.419189,75.610321,618.603394,425.373138
1315,365.901489,90.577591,610.461487,432.096802
1316,366.922058,73.960495,620.567627,454.183289
1317,343.540436,83.874725,645.827759,456.967743
1318,340.791107,100.843964,640.699829,465.028168
1319,346.97467,91.967514,628.746887,486.555115
1320,317.294006,92.478943,627.348877,475.693542
1321,315.350037,99.216766,626.726074,482.720856
1322,316.615814,97.299667,625.690918,482.477234
1323,321.427368,116.043716,624.509827,483.055542
1324,323.389069,108.563583,634.912109,492.340393
1325,321.156036,109.308853,627.929077,491.592773
1326,329.432617,108.022308,635.136169,492.615692
1327,336.398102,109.408356,641.15271,479.695465
1328,348.949463,108.797226,621.958252,466.593506
1329,344.664581,99.132599,633.255493,477.694733
1330,356.552002,103.20816,646.616882,470.744171
1331,394.433807,71.261765,618.627075,370.502136
1332,391.982635,82.619858,617.629578,392.47229
1333,390.250244,72.842972,630.487793,394.622192
1334,391.464478,90.649185,629.779724,398.64325
1335,400.103699,68.015991,629.702209,395.595825
1336,401.72757,58.722931,631.9021,389.779938
1337,411.982239,84.047501,643.615051,390.246704
1338,410.603851,59.330933,641.312012,386.443634
1339,405.806213,78.211136,637.41571,381.776123
1340,418.325104,55.700912,657.615234,379.532288
1341,405.452545,42.703476,641.702881,379.161072
1342,407.625488,49.996521,642.426392,382.607605
1343,405.141479,40.003113,647.424316,373.939423
1344,398.528992,32.274506,643.672058,376.770172
1345,401.42334,32.672623,638.809326,359.305847
1346,401.715759,31.374786,638.755432,353.219879
1347,407.297882,35.453857,640.727295,359.894623
1348,414.625366,29.083374,661.68335,353.486664
1349,422.109283,50.921631,663.025146,369.153748
1350,429.516632,53.176468,659.656494,374.343689
1351,419.006805,62.41658,652.859009,377.416138
1352,416.122375,65.451889,647.639343,407.4422
1353,409.121796,56.375854,659.905518,432.033295
1354,395.925629,67.902893,658.513916,465.336121
1355,387.13678,66.643997,690.852234,479.885498
1356,388.580688,77.696594,690.360352,481.161499
1357,418.124817,90.795837,696.191589,470.931152
1358,399.876465,91.407318,695.687256,478.678497
1359,399.419342,104.442017,699.213135,503.312805
1360,404.201172,119.667343,688.118774,504.745544
1361,397.504028,111.917633,690.80896,519.728149
1362,416.740631,115.800598,698.027344,508.995056
1363,425.940552,119.694611,700.071533,513.084229
1364,425.400635,121.074402,699.479614,516.70105
1365,390.890289,106.579773,694.841797,529.151917
1366,391.708496,112.396591,713.174316,550.621948
1367,394.013062,104.431641,707.346313,543.246826
1368,390.694244,102.032318,702.851562,550.198486
1369,380.710785,67.43071,726.273193,533.33844
1370,380.954834,56.051071,719.241577,509.17041
1371,374.636536,35.366974,715.170227,491.008942
1372,392.29895,36.410004,728.385498,466.120728
1373,379.219543,7.526016,732.778503,440.111877
1374,387.24469,3.248474,749.903381,440.135559
1375,390.683411,1.508621,751.381165,409.984314
1376,371.269226,1.550537,740.832336,402.228668
1377,363.228302,2.277542,718.743408,418.82959
1378,339.92627,3.415237,704.472778,439.145264
1379,320.675659,5.715958,665.289734,409.511841
1380,326.049408,7.11795,650.672363,391.907196
1381,302.70813,6.131653,641.935242,408.342224
1382,316.407288,19.809326,631.736816,403.408813
1383,323.755585,21.62413,603.82605,392.269348
1384,322.425354,17.785843,600.238525,391.415649
1385,326.201721,21.546188,595.216309,383.786072
1386,329.418762,30.49115,591.391174,383.627106
1387,330.981201,37.684464,591.202759,395.104492
1388,342.085327,40.946655,592.896973,414.250793
1389,340.031281,39.916382,598.389648,421.715698
1390,350.216705,42.927078,604.783081,440.826172
1391,356.707581,47.510986,595.587524,444.525269
1392,362.533508,67.275436,600.513916,442.54895
1393,369.095428,56.997665,604.812988,441.667114
1394,367.091675,78.439636,604.191467,452.045349
1395,364.646362,76.726852,618.364502,440.010986
1396,376.806671,77.923431,608.11377,454.139435
1397,377.093933,94.94455,602.101562,454.241364
1398,375.878967,94.000351,606.28186,462.339294
1399,367.41864,90.917786,624.399902,459.14093
1400,370.842041,86.271408,635.045471,457.437622
1401,375.756744,86.317093,620.430542,435.544373
1402,381.03241,104.537048,624.541199,439.424866
1403,378.406067,119.190521,625.837097,466.962677
1404,386.911102,117.627441,624.008545,480.654602
1405,380.916931,135.443848,623.281372,486.075073
1406,372.586121,123.608734,633.35376,507.366608
1407,376.985626,122.277847,632.690613,487.058777
1408,366.990784,131.060013,647.816223,512.746155
1409,368.173645,131.282639,650.980103,512.099182
1410,377.36853,154.107254,658.772949,534.778381
1411,382.642212,152.797852,661.267822,534.320435
1412,401.821075,158.476898,645.330566,527.463379
1413,408.119873,141.675583,682.856079,531.479553
1414,433.700806,145.615921,682.20813,515.53064
1415,455.173309,147.783646,693.091003,497.241272
1416,461.202026,144.137741,695.63623,484.708435
1417,481.869415,144.927734,722.597839,483.288391
1418,494.601166,154.7724,740.407776,488.609436
1419,480.582458,168.205185,712.443787,510.52948
1420,449.859283,163.198746,703.687073,488.162109
1421,428.857391,141.827026,677.984192,489.411133
1422,380.771118,144.761124,621.81897,484.517334
1423,369.090332,128.398376,601.776489,476.37207
1424,351.476379,137.630661,579.159485,468.770447
1425,333.913818,146.330658,561.367126,461.934052
1426,294.071777,144.004257,546.733826,474.871155
1427,278.324738,141.245255,527.676147,467.971436
1428,273.718903,144.791489,517.273987,477.05188
1429,271.273285,148.647598,516.109985,467.651611
1430,288.981812,133.000366,538.578979,467.81897
1431,321.126526,113.583939,560.554077,451.013611
1432,334.454285,113.762726,610.775085,449.735504
1433,373.18219,101.198608,644.897461,431.725769
1434,448.074341,103.416077,706.419922,437.500977
1435,475.285522,99.461731,707.280029,455.204468
1436,507.927643,116.653549,721.857483,456.188354
1437,498.616821,111.041122,737.694702,455.008728
1438,495.128235,141.618988,721.312195,460.322418
1439,473.978577,129.443268,701.930115,453.382355
1440,460.855652,147.559525,699.59613,460.510498
1441,450.294647,157.44072,676.396484,470.990784
1442,444.081177,177.028244,662.539917,466.063721
1443,437.256927,172.135666,655.763733,477.264038
1444,433.504272,184.270645,644.228882,474.822388
1445,426.123291,189.140671,643.553955,458.122009
1446,425.209351,201.509933,636.178101,464.012085
1447,433.30368,181.199158,639.18689,456.279846
1448,413.448578,181.22821,638.849609,456.093018
1449,410.418793,168.166855,630.977661,471.577454
1450,407.641388,170.958023,620.326965,441.799866
1451,412.299072,159.92746,623.206787,440.532013
1452,400.598816,181.040726,607.464661,446.138611
1453,394.833099,172.078629,604.786499,436.66217
1454,393.585052,163.425262,612.294556,436.484772
1455,383.808716,148.482407,599.862122,426.3797
1456,383.702576,137.890533,618.997681,435.556122
1457,379.624695,161.276871,598.726868,440.913513
1458,367.402863,135.563446,597.697998,450.626923
1459,388.406738,146.81665,606.821045,440.601562
1460,388.915558,145.200195,607.240112,439.282593
1461,365.052704,131.774872,596.150146,451.800323
1462,389.94928,138.590942,611.158386,441.012451
1463,383.692657,125.030441,604.970947,418.024231
1464,379.906799,119.587982,598.841125,414.116547
1465,376.859253,145.389938,599.540222,427.354919
1466,369.592133,112.206146,606.238037,437.014618
1467,385.546509,131.657425,595.236389,425.981323
1468,387.468842,128.190323,598.429077,423.949097
1469,393.058685,128.806976,602.474609,420.186188
1470,396.763245,119.34436,616.461914,396.312195
1471,388.842773,120.48848,606.818176,414.365845
1472,392.632294,120.976227,608.406555,412.440155
1473,394.994659,119.846146,610.162842,411.145874
1474,380.819458,111.661743,606.420166,429.332336
1475,397.06189,114.893829,620.67865,416.026215
1476,405.785553,118.440048,617.378296,401.794739
1477,406.180115,116.365936,618.330872,402.145905
1478,393.632874,89.976944,616.15094,420.563782
1479,393.336914,86.798492,620.905212,419.653168
1480,394.182831,90.664963,630.311035,409.633545
1481,410.183319,102.572174,631.037781,403.569031
1482,422.781189,79.016998,644.852722,401.920074
1483,434.44101,84.024948,656.274658,398.398254
1484,450.444214,98.788406,660.177734,403.727112
1485,458.296295,107.01535,669.797729,402.273743
1486,470.142181,107.425659,679.867981,403.066437
1487,478.051788,137.263214,671.488098,383.5867
1488,456.640747,138.470932,677.469727,403.801758
1489,471.878113,125.513077,685.011902,418.451843
1490,480.636688,137.426071,677.909058,418.026428
1491,483.303925,157.780258,688.668945,419.544556
1492,482.950317,153.200836,683.221069,411.670624
1493,490.430145,148.606186,696.788208,431.6828
1494,488.223907,165.563293,705.564941,451.371338
1495,477.337463,174.239105,715.647644,462.733063
1496,485.061798,174.156555,712.517029,454.170837
1497,485.630493,180.721161,726.488037,471.789764
1498,496.978943,188.322357,730.094543,478.789398
1499,508.340393,189.766663,743.423889,473.11499
1500,492.46051,180.707397,723.863831,476.891296
1501,497.79364,191.292831,731.893738,479.081482
1502,502.094421,207.044846,731.489685,485.72345
1503,503.855774,203.985001,719.836121,470.139404
1504,505.287628,210.262421,719.344116,473.303497
1505,491.715454,213.029007,737.421509,472.799194
1506,487.984009,217.562988,736.53064,484.722046
1507,484.445099,202.383911,733.626709,477.47406
1508,490.075867,212.258591,702.917542,482.916748
1509,495.236267,195.699585,724.084412,474.436523
1510,553.593323,328.253204,611.431335,401.8685
1511,554.012024,327.333466,611.654358,400.687164
1512,554.470337,326.745575,612.360229,400.301117
1513,555.089172,325.416382,613.090027,399.203003
1514,555.843201,325.002625,613.7724,402.102783
1515,555.402832,327.32959,614.837769,408.076172
1516,554.404541,328.867371,615.067139,410.442261
1517,553.032043,332.155579,614.013,412.218018
1518,542.250549,337.047058,606.55658,420.054932
1519,552.339294,345.483521,612.818176,420.227844
1520,542.757446,348.73288,605.162354,422.06839
1521,543.424805,352.068787,604.524048,425.252563
1522,543.24115,358.075439,603.831726,430.456848
1523,543.571045,358.489197,603.789185,430.943237
1524,543.767578,349.048523,603.954346,428.566284
1525,548.556274,353.897522,606.994385,424.135986
1526,553.190369,349.732666,612.041687,420.473572
1527,557.413269,346.518311,615.651184,418.06604
1528,559.000366,343.426117,618.546997,416.53598
1529,563.114441,339.011475,624.021667,416.476318
1530,565.051514,341.028564,625.318115,419.163574
1531,562.222839,337.563324,622.201843,412.661774
1532,563.146545,336.38266,623.827698,412.835541
1533,563.634888,335.437744,624.972168,413.251465
1534,566.046753,332.239044,626.666138,408.409821
1535,563.032959,331.300659,621.627197,405.300293
1536,566.042908,329.488647,624.62323,402.131226
1537,568.985107,333.443665,626.903564,404.154236
1538,568.67218,320.751343,629.415344,398.295349
1539,568.815308,322.122925,629.25415,400.762512
1540,577.870544,316.358795,633.503357,390.344269
1541,573.072205,316.375214,631.478699,395.07309
1542,571.841125,318.943512,632.088074,399.963959
1543,571.272888,318.66156,632.092224,400.818909
1544,570.487183,318.522644,631.448364,400.701843
1545,569.215027,318.691589,630.51825,401.233154
1546,579.436462,319.474487,640.6203,397.864929
1547,578.614197,323.3992,637.627747,403.539764
1548,577.858826,316.775146,634.657898,396.625061
1549,564.666931,323.072845,622.240173,399.100189
1550,562.810791,321.043976,625.66748,397.238251
1551,571.517334,322.492859,629.284912,398.794983
1552,568.615173,320.249512,630.4599,404.190735
1553,573.070984,321.471497,631.310242,397.620911
1554,570.125854,324.011139,628.761841,396.871307
1555,571.602173,324.516144,629.651123,397.365753
1556,573.511475,324.065735,631.659912,397.173767
1557,575.333496,322.889374,633.53125,397.173248
1558,578.023071,323.06366,636.308716,399.541687
1559,578.936829,322.617859,637.601624,400.188538
1560,579.250244,322.775665,637.464111,399.864166
1561,579.288574,322.628632,637.963379,400.625824
1562,578.927612,326.450256,637.421143,401.707886
1563,579.728638,324.887878,636.982544,396.159973
1564,579.301331,327.422913,636.523499,398.145874
1565,579.589233,328.188599,636.703369,398.738403
1566,579.557617,329.726654,636.77478,401.602509
1567,579.553345,330.036377,636.737305,401.760193
1568,579.656372,330.114227,636.828613,402.068695
1569,580.246033,329.836609,637.245789,401.748657
1570,580.578674,329.897491,637.647888,402.17923
1571,580.938049,329.815521,637.728943,402.259125
1572,581.271851,329.632629,638.15686,403.440857
1573,582.00116,328.942108,638.676453,402.767548
1574,582.958069,327.654022,639.35675,400.976227
1575,583.100037,327.212677,639.165955,399.896393
1576,583.450195,326.273743,639.205933,398.802307
1577,583.652832,325.871582,639.338623,398.354065
1578,583.807434,325.727661,639.522278,397.957825
1579,583.629639,330.305939,637.189331,401.301483
1580,582.390015,330.200958,632.921997,403.204742
1581,582.70166,323.178406,632.998047,389.338562
1583,375.768494,128.785873,559.788696,386.699036
1584,371.500549,132.273865,569.409912,392.679932
1585,365.528748,110.675735,572.033264,402.170105
1586,365.646637,102.209885,578.654419,405.192932
1587,365.860565,102.802826,579.347046,405.122406
1588,365.912537,101.962646,579.051086,405.177277
1589,368.339874,104.806183,579.288452,404.689758
1590,368.014557,106.912476,578.971802,407.387207
1591,365.976715,110.181885,580.280396,414.093384
1592,366.414124,108.601486,580.399292,417.749939
1593,366.248077,105.634888,583.878479,400.632751
1594,367.982666,113.627686,580.315674,417.551575
1595,368.058167,112.348511,581.145569,417.775757
1596,367.833344,110.716919,580.914551,415.979065
1597,367.888489,111.268356,580.075562,416.363586
1598,367.169342,108.107513,579.79425,414.175446
1599,365.784607,107.888092,579.667969,414.714264
1600,365.602722,107.678436,578.335815,412.548309
1601,380.745117,122.4319,580.583313,386.264221
1602,373.026306,123.742615,576.950806,402.628479
1603,372.690521,123.885635,576.50238,401.937256
1604,369.22522,104.047134,574.961487,405.862366
1605,367.310059,97.533966,576.795532,407.767639
1606,367.257446,98.610458,578.859314,410.764648
1607,368.054291,96.956802,579.38855,407.526794
1608,368.317261,95.899384,579.480347,404.235931
1609,368.810211,94.727036,579.947754,400.222229
1610,368.588928,92.617584,583.061829,395.557922
1611,378.291473,103.891891,577.373535,385.709839
1612,366.980438,94.622528,583.013062,398.634949
1613,366.894714,93.046814,582.395203,396.268494
1614,367.21579,92.17189,582.586182,395.854004
1615,368.0466,93.062073,581.808044,394.354187
1616,371.785187,82.77211,581.647461,390.977417
1617,370.787872,83.805786,582.616028,399.671356
1618,366.91153,92.10434,582.246155,401.62735
1619,372.26004,96.815567,571.350464,389.729187
1620,364.839874,95.99231,579.351074,393.904236
1621,373.167877,103.301682,561.615601,362.236145
1622,366.060028,86.873779,573.897339,385.678101
1623,363.188538,89.772552,580.87677,372.992859
1624,357.008026,81.935684,565.070679,388.283936
1625,358.095917,82.499603,556.778015,373.385681
1626,353.295776,83.738831,564.207581,393.876312
1627,352.589264,85.95726,563.113647,395.176331
1628,352.138824,86.543488,562.473877,394.465698
1629,348.483337,93.125549,569.25824,394.828796
1630,350.338135,95.352982,563.65918,382.35675
1631,351.500641,99.867538,569.200134,382.981323
1632,349.275635,94.937729,566.177979,393.280151
1633,352.538269,91.991348,561.476257,390.300293
1634,354.562927,100.350082,562.954529,378.981506
1635,355.101318,94.015396,561.942688,389.935364
1636,358.241394,90.469788,573.027588,383.34613
1637,356.77536,88.756943,567.873108,399.578125
1638,372.664276,112.790802,560.096863,388.591034
1639,365.049805,90.065399,578.992554,395.944031
1640,378.269836,103.724854,577.164185,373.957458
1641,368.56662,93.118408,580.476929,395.99585
1642,367.090546,90.364075,582.444702,402.204437
1643,369.372406,94.147598,582.594116,397.389771
1644,374.436981,101.043579,580.958008,396.728668
1645,377.006927,102.763657,583.376831,397.396545
1646,377.249451,102.090698,583.542053,397.083008
1647,378.376648,102.120071,583.734497,396.399902
1648,380.867676,103.216751,586.694641,405.709656
1649,384.139404,102.697998,590.52771,404.814362
1650,379.450531,120.759445,580.204041,387.638611
1651,383.974854,122.763412,577.653625,381.934082
1652,386.037506,112.128159,588.208618,390.94696
1653,397.460083,120.95546,592.21936,388.103516
1654,392.952209,119.520386,581.773743,401.837036
1655,395.099854,102.114807,580.310486,401.312012
1656,390.714661,113.074249,585.337708,406.130096
1657,390.110718,100.43924,592.05304,413.515533
1658,387.624054,95.979675,589.751465,418.802795
1659,387.008057,95.075531,587.473999,416.713135
1660,390.707367,107.671417,589.282227,401.521088
1661,387.654541,116.667953,582.925232,403.371765
1662,387.651978,116.677979,582.848999,403.355591
1663,391.021851,121.843887,584.442444,393.797913
1664,394.448608,125.240662,586.302795,395.994751
1665,391.761963,98.861893,596.524109,410.91217
1666,396.269226,98.636093,605.962585,417.986572
1667,396.983521,105.500549,587.517822,400.282288
1668,403.459045,97.686676,599.225586,409.770721
1669,402.378784,109.174103,596.895691,396.266327
1670,408.890259,95.891861,609.49762,405.759094
1671,395.428375,98.787827,606.73645,418.016724
1672,412.250793,111.638809,626.036438,420.708069
1673,413.615509,106.850433,620.788452,426.637543
1674,409.482086,96.317154,614.261047,426.078064
1675,414.356873,95.344894,626.242737,424.440857
1676,417.742371,96.96994,627.531067,418.393402
1677,403.804016,104.120895,615.760498,438.264771
1678,408.897461,103.975037,612.577087,434.834717
1679,406.35495,97.391174,608.298767,424.405029
1680,408.893188,108.521912,608.843079,427.531616
1681,411.471649,100.499557,616.099487,404.3349
1682,408.673157,92.820969,606.313843,429.773621
1683,407.024475,111.402328,601.832092,426.864319
1684,406.071198,101.305115,607.154358,422.816528
1685,407.705902,99.032532,600.966003,420.399414
1686,407.459991,111.044159,616.76416,422.062042
1687,402.116455,114.860214,610.746155,427.417847
1688,401.854431,107.352722,613.191467,421.564087
1689,399.926819,103.123688,613.285095,442.239532
1690,395.850067,130.010498,635.720947,398.699097
1691,409.854156,98.822113,616.114502,430.247772
1692,407.036194,108.729706,605.99292,427.922028
1693,418.674255,115.149292,623.713562,432.174133
1694,417.608582,121.814133,618.834167,435.000061
1695,407.778992,113.612656,615.210205,448.559448
1696,497.074951,84.700974,705.201294,375.023865
1697,488.557098,99.888382,689.63092,355.958923
1698,486.503571,98.49585,694.692566,361.532043
1699,483.395294,89.626984,685.067078,366.838348
1700,474.371796,90.282684,686.189697,361.400574
1701,459.687836,101.03154,652.74939,365.984375
1702,466.728333,94.545654,656.464905,357.226349
1703,451.458344,94.487732,655.701172,370.683289
1704,459.203339,93.413635,652.253662,362.797791
1705,453.596985,89.161331,640.58075,356.482483
1706,449.004395,88.903427,632.709961,353.062256
1707,458.144226,73.069611,640.936462,370.634796
1708,450.775421,75.691177,642.462524,382.053223
1709,440.273163,59.213745,639.21106,388.111481
1710,436.56543,59.535217,634.695435,384.807526
1711,441.185211,54.209732,636.962646,387.453857
1712,428.36145,45.500687,633.782837,377.891357
1713,422.069916,58.494751,637.808105,346.659058
1714,426.012268,58.401291,644.134094,350.0849
1715,433.030029,60.525986,644.228394,355.274963
1716,436.272186,49.496567,646.201172,353.366455
1717,444.242493,46.918213,654.565002,357.199768
1718,446.596161,68.894379,649.166443,347.700775
1719,450.342407,72.207748,652.264893,355.753174
1720,457.185852,69.494202,669.170715,354.927887
1721,465.921295,61.092484,666.245239,381.141724
1722,478.360596,83.997635,660.229126,380.218506
1723,467.127869,60.797394,662.676697,381.374176
1724,482.12323,54.970612,676.429993,370.408722
1725,480.67981,66.552017,672.408447,373.769836
1726,477.18222,78.739304,689.985107,386.12677
1727,485.112762,70.1698,673.907349,379.697876
1728,507.758026,76.28447,692.210327,369.082947
1729,497.262848,66.44606,696.606567,376.14447
1730,498.673523,63.621368,699.051819,373.650696
1731,501.170959,59.725128,700.665833,374.744507
1732,509.417694,74.820633,718.266785,366.363647
1733,504.828308,56.876465,698.273254,361.08905
1734,509.657471,36.43277,708.716431,352.302277
1735,524.251404,43.139404,718.427307,331.718719
1736,515.037537,43.72728,716.715027,327.251343
1737,521.339783,33.953979,729.436829,328.308044
1738,532.978394,46.81955,729.764038,323.714844
1739,521.462708,39.461105,729.780334,337.991516
1740,522.799194,41.09082,733.81604,347.881744
1741,524.40332,41.239349,737.807739,351.224548
1742,523.278809,39.821335,740.280396,353.018921
1743,520.705383,38.53537,739.700989,351.639374
1744,521.109375,43.004089,741.451172,358.080688
1745,519.919678,59.673721,739.764038,351.317627
1746,524.566711,61.359085,742.474182,348.138977
1747,519.283875,66.242935,725.128113,333.477539
1748,509.125671,80.145081,707.085144,339.74942
1749,499.902588,49.378464,708.891357,344.013306
1750,503.946899,57.476624,699.169556,320.655243
1751,502.245575,56.372543,700.082642,327.655945
1752,498.381592,58.661331,690.996948,322.802551
1753,499.392944,69.539833,683.532227,322.06012
1754,498.685303,74.212921,681.796143,330.296173
1755,498.366028,76.872078,680.00885,330.685608
1756,498.910919,82.437225,677.972168,338.399323
1757,502.464172,89.668716,669.95282,341.212891
1758,494.552795,92.868301,679.072815,363.935547
1759,504.4711,98.205719,685.72113,379.483185
1760,494.966858,97.712021,681.567932,379.135376
1761,498.02478,110.274323,685.060425,386.202393
1762,498.159393,108.458038,687.087158,378.1521
1763,508.69516,115.259521,687.489868,369.133392
1764,510.665619,119.057114,691.733887,369.306091
1765,508.734009,124.470215,696.046997,393.265442
1766,508.129791,130.552612,698.68457,420.279724
1767,507.278076,133.13678,697.108032,425.315979
1768,504.278778,126.37085,697.735962,435.178589
1769,499.4263,139.807526,702.200684,446.006012
1770,503.009827,154.809875,707.86261,445.138855
1771,485.969574,134.323669,704.621521,463.918396
1772,486.792755,136.963669,697.669312,444.409973
1773,491.476288,135.292267,692.422913,441.203644
1774,484.698883,136.971863,677.552063,430.457031
1775,479.761749,141.886551,684.795288,441.512268
1776,485.027191,144.683899,677.293579,415.154175
1777,463.370544,155.211212,664.171936,428.776398
1778,469.556549,148.134995,665.455566,435.545654
1779,480.968292,163.454773,665.273254,426.600098
1780,480.445862,162.214401,665.783875,432.22345
1781,477.38269,156.757568,670.106567,417.137329
1782,478.838318,150.284332,673.05658,425.97525
1783,474.036621,156.805115,672.821045,424.964294
1784,481.99173,148.763428,673.34845,415.329163
1785,483.985107,149.492325,676.802124,414.42627
1786,483.475159,147.195114,680.181702,415.959229
1787,485.455322,144.992203,682.30542,412.454834
1788,488.120728,147.610535,676.881348,404.38324
1789,487.356628,143.512939,676.135559,408.169739
1790,486.510345,130.071686,675.359741,412.829681
1791,487.106812,127.936172,675.290039,413.143005
1792,476.954651,126.569977,665.595276,433.690765
1793,477.95517,129.552094,665.89093,430.164948
1794,485.147858,131.240723,675.2771,422.897278
1795,484.623596,129.27713,661.598572,406.065826
1796,491.00647,148.787918,672.487793,405.590271
1797,490.783112,147.786194,671.194214,402.53302
1798,485.042236,149.319366,665.342896,402.219086
1799,481.585571,123.920456,658.703491,408.798523
1800,487.940491,147.048828,665.658508,384.817383
1801,482.049164,138.223206,664.199341,393.16333
1802,487.416412,128.892548,668.520447,384.349335
1803,483.286865,127.049187,665.338867,381.401367
1804,484.968445,113.255081,666.255066,368.688721
1805,382.264618,172.047714,631.654541,530.697815
1806,384.352997,171.296707,632.179688,520.43634
1807,394.199402,181.605637,629.306763,516.169373
1808,400.960022,154.232437,645.444153,489.887085
1809,384.438843,150.484863,641.091064,482.738342
1810,392.460266,149.816788,639.222229,491.253723
1811,397.019135,151.630173,632.13092,474.854553
1812,391.834686,138.500946,628.805786,469.202911
1813,401.545776,133.888657,640.412842,458.208557
1814,393.584686,132.144409,625.879944,458.806396
1815,398.182404,128.983765,635.822632,448.549316
1816,417.690735,133.768082,647.744812,465.393982
1817,423.713287,131.691284,656.274292,471.609497
1818,434.570984,146.013992,654.257263,462.976562
1819,433.495636,137.871658,658.437744,461.587463
1820,432.421753,127.137863,662.629883,442.90686
1821,434.1203,132.185715,663.143616,443.459351
1822,434.377136,125.584686,662.964294,446.111359
1823,417.176147,136.869827,646.747559,445.799805
1824,410.072571,130.57309,640.430237,451.18399
1825,414.960876,113.254639,657.285461,464.320068
1826,424.720276,121.200958,668.309998,475.637909
1827,421.434509,121.615982,696.304382,482.169495
1828,427.732849,134.688889,675.003723,480.008179
1829,414.309631,123.983383,667.424255,488.174316
1830,400.52887,128.380325,652.829773,490.184631
1831,388.004791,137.754181,652.756958,487.809967
1832,380.151794,148.085785,632.539185,512.406372
1833,379.702118,142.727432,637.009644,522.986572
1834,382.383545,143.646957,659.586914,518.622681
1835,363.958313,137.026398,643.285828,523.485962
1836,371.147156,167.448029,620.640808,529.342896
1837,371.448303,171.388016,616.268311,527.277527
1838,364.523804,151.080566,645.305359,509.856445
1839,358.562195,147.595993,644.455688,525.600952
1840,387.19101,156.182709,636.85022,502.7612
1841,368.660156,166.452988,613.757141,519.379944
1842,371.727936,148.616089,620.487122,506.780579
1843,373.790314,154.931717,630.858521,486.486694
1844,365.578918,128.542343,632.267029,491.703247
1845,382.821167,148.121262,634.832764,488.719727
1846,376.718781,153.450546,628.497314,506.500671
1847,380.099884,155.68895,631.742188,509.020874
1848,386.561554,153.359863,635.78186,505.859436
1849,389.771149,152.612473,636.59729,506.048401
1850,387.512115,141.817841,632.929565,486.143707
1851,393.374054,150.261536,634.308655,492.898621
1852,390.91275,139.217621,636.408386,502.084137
1853,391.679077,131.982269,639.533081,492.885406
1854,398.684357,130.805542,641.293579,478.917297
1855,395.52536,118.672516,638.650818,476.748505
1856,403.256226,108.21106,642.307373,451.007324
1857,393.289886,92.026672,643.777954,443.799316
1858,405.006104,91.214066,647.026978,444.309082
1859,400.449402,100.221069,645.989563,454.455994
1860,404.17038,78.703827,637.630554,427.657318
1861,410.57196,74.664886,639.346008,425.928253
1862,406.017609,70.242004,632.226501,405.84906
1863,402.340973,54.786194,641.254883,400.753082
1864,394.550537,62.693192,622.8703,374.960632
1865,371.564697,54.713821,609.703674,370.434143
1866,368.240173,52.960846,602.369202,365.59082
1867,341.799683,39.273483,621.077881,381.432312
1868,327.541504,53.677063,576.364929,404.619995
1869,329.313019,56.910873,571.837463,420.413818
1870,294.237183,43.034424,590.257568,445.001495
1871,302.012695,43.448303,580.293762,461.84964
1872,284.525299,33.157425,600.002319,457.199097
1873,275.0896,31.054169,601.676025,461.296753
1874,270.613037,36.822983,604.822021,468.353394
1875,271.159332,38.842651,607.46936,481.937073
1876,278.446838,49.400284,607.28772,492.641541
1877,280.537109,46.385971,610.436829,498.369019
1878,298.946808,56.75618,632.204346,497.40271
1879,309.77533,57.891769,638.838379,502.875244
1880,326.133636,57.26799,639.798828,478.125854
1881,327.225525,55.553909,645.544495,492.885559
1882,344.136078,51.993988,651.685791,482.287994
1883,345.731262,48.238297,654.745422,468.980042
1884,381.795654,47.082672,647.302124,460.504944
1885,388.206238,43.092194,649.347351,451.873047
1886,388.567169,41.270447,645.23645,445.431305
1887,383.340027,35.850052,675.572937,432.89325
1888,385.310944,45.539246,679.626831,431.294556
1889,414.143494,80.007568,646.073914,436.573608
1890,405.111633,82.874329,651.01532,436.299988
1891,399.969727,101.805481,638.579468,442.455017
1892,394.684753,105.168015,637.540588,446.234192
1893,374.990387,120.343826,624.369263,455.39502
1894,373.80661,131.834305,614.412354,476.706665
1895,369.84436,132.740311,610.221008,482.017822
1896,362.185852,119.326874,594.281433,476.989594
1897,365.227722,140.301147,586.281921,466.578308
1898,358.779175,144.412643,578.899475,469.560242
1899,354.511902,145.447052,573.555054,464.184052
1900,342.813751,125.235458,580.116333,451.445374
1901,336.670563,111.802567,576.496826,455.345032
1902,345.070465,118.739685,573.229004,455.366638
1903,347.269867,122.694748,571.800049,450.749695
1904,353.335876,120.495621,580.752502,449.068176
1905,356.186096,120.337784,584.308838,449.255371
1906,361.212952,112.461777,595.14386,452.992676
1907,355.063629,122.845215,585.656555,455.300537
1908,373.83728,117.600037,605.904175,450.193848
1909,378.38382,114.157318,612.091797,449.416656
1910,424.107666,105.138672,661.244263,420.08728
1911,421.747559,108.394028,649.890625,421.570923
1912,419.529022,105.483795,650.112183,424.88443
1913,419.388824,104.562057,650.334839,425.05304
1914,419.916443,109.053406,647.798645,424.279907
1915,421.07251,113.727173,643.518433,420.084412
1916,419.539368,115.04187,649.261902,440.30896
1917,416.343109,101.850082,652.69751,439.989563
1918,418.554352,102.46376,653.430054,436.822327
1919,432.659088,98.325882,654.308594,427.858582
1920,427.329895,89.104553,658.920837,436.907715
1921,427.979218,98.678696,652.074951,427.171997
1922,415.171021,89.558456,644.517212,412.904358
1923,416.570251,86.336487,641.117493,413.445282
1924,416.482208,89.953018,637.129395,390.767761
1925,405.487701,91.780167,625.03418,392.160095
1926,388.77301,97.323303,621.559692,392.291321
1927,385.245728,84.140503,616.561829,394.170868
1928,385.620453,89.972595,605.331421,391.708862
1929,373.358124,92.241394,599.491333,414.957916
1930,363.733246,95.386459,608.309753,422.975159
1931,377.055542,100.377502,593.998352,459.371887
1932,345.185883,113.286682,593.60376,499.345886
1933,336.582428,107.048767,610.05481,528.393555
1934,327.626587,124.487259,598.920837,508.987488
1935,321.581696,124.115509,595.804077,528.87793
1936,310.760284,132.37236,603.065186,518.749878
1937,331.790955,145.906967,594.465698,521.400635
1938,326.662842,149.22847,620.003052,520.683472
1939,330.533325,145.523392,621.523193,527.330139
1940,349.926788,153.299728,618.855103,534.661926
1941,355.792938,153.360825,606.39679,530.739563
1942,366.158722,144.086807,625.520996,524.864319
1943,371.62085,152.404617,631.572876,534.128113
1944,367.92807,155.348083,652.446289,545.042358
1945,360.714966,151.006454,654.605042,547.476807
1946,377.641327,146.299118,666.261475,541.681824
1947,371.008148,142.284042,669.716187,543.340393
1948,396.765442,142.610825,653.537292,537.06012
1949,403.211517,143.549438,670.653687,544.454041
1950,411.984192,131.590042,675.909485,540.865967
1951,418.805603,133.536041,675.3255,523.450317
1952,411.251099,141.05188,692.326904,499.600891
1953,416.297852,142.747757,687.543335,496.230225
1954,412.694183,137.263947,689.647583,499.243378
1955,415.707642,133.683182,691.8927,508.429871
1956,429.713806,144.965851,670.837097,489.887177
1957,429.600006,124.727188,684.679077,477.132324
1958,434.665253,134.533737,673.925659,467.874573
1959,422.866089,136.045563,671.976807,457.644623
1960,414.493866,168.286499,621.227661,466.738159
1961,414.59079,167.717194,623.081543,467.127472
1962,412.89566,167.761276,622.459656,466.722107
1963,411.029022,167.048615,622.545593,466.621124
1964,415.769745,172.980988,624.284668,466.906403
1965,415.567322,171.88533,624.831848,463.962036
1966,415.397949,168.8965,624.858398,459.644531
1967,415.140808,167.688736,623.836731,456.399475
1968,406.808411,165.074524,620.71698,462.65979
1969,396.272064,160.489243,613.90863,449.082153
1970,414.932678,167.960907,627.480164,450.748688
1971,405.02771,175.211166,621.69043,443.289978
1972,413.14325,158.868042,617.576477,438.079956
1973,399.416992,166.746536,609.692017,449.15625
1974,402.698486,147.055786,621.61499,460.800476
1975,401.889099,162.645737,605.785156,456.65155
1976,393.277283,149.912933,609.57428,446.882843
1977,389.847595,153.663376,604.927368,458.428833
1978,389.043915,175.671173,598.18103,444.456024
1979,385.646362,149.823837,598.129883,434.807861
1980,397.700134,170.548325,600.60199,441.207031
1981,384.421082,173.365646,599.76062,444.462585
1982,389.318665,166.947968,602.198914,449.97403
1983,400.235596,165.139908,621.357239,449.440857
1984,385.728516,151.323181,606.236633,459.951965
1985,399.673248,161.574112,622.328552,446.124146
1986,402.599121,172.476181,611.696594,449.190125
1987,392.697418,150.1548,613.040161,459.166199
1988,388.944397,150.139481,608.334595,450.4104
1989,401.101471,150.720581,619.943848,456.82489
1990,404.192078,152.528748,620.461487,454.798523
1991,408.212891,146.340088,626.918091,446.274231
1992,407.072937,133.96994,624.949768,439.081818
1993,419.528503,151.839447,616.433044,426.623505
1994,402.751617,117.334778,625.305908,435.525024
1995,415.33017,119.574585,629.41687,424.966003
1996,415.443085,110.615158,632.667236,421.626953
1997,414.069763,111.549805,631.366516,423.306458
1998,414.105988,117.538803,632.254395,425.91748
1999,414.671082,118.679733,632.057922,425.424744
2000,414.506073,123.232162,631.535278,430.251221
2001,413.7453,123.161102,631.113586,433.183746
2002,411.684631,121.177124,631.798523,437.935669
2003,411.059784,125.585464,629.021179,436.025757
2004,410.558136,126.764145,628.285583,434.780701
2005,404.748596,127.33783,622.937073,437.258789
2006,420.583191,127.858688,628.9953,429.5224
2007,401.663513,128.292374,617.453064,434.132874
2008,401.965637,137.028503,616.377319,440.680237
2009,396.263672,129.952759,615.413086,448.283142
2010,392.381042,132.549942,617.101685,458.13501
2011,391.489594,133.592819,607.869873,442.638306
2012,380.148285,136.424637,611.91394,445.258362
2013,389.453217,151.514053,607.720093,444.358276
2014,394.230774,151.370438,605.800049,447.053711
2015,385.666107,156.51944,601.164368,465.276581
2016,383.301178,159.032883,600.807373,471.048706
2017,381.878021,163.380463,596.825134,446.531464
2018,380.105255,163.302322,599.753174,471.816833
2019,376.365112,164.899429,594.819458,473.98175
2020,374.069092,165.867432,592.890747,475.631897
2021,374.809784,171.932449,591.324219,476.178284
2022,379.387482,184.99231,588.087891,456.274719
2023,368.801422,158.590698,588.244812,477.651306
2024,381.342407,165.531387,584.841125,454.645752
2025,367.43692,156.353867,582.081482,465.470581
2026,362.936035,151.727249,590.279236,442.590515
2027,369.371338,157.652084,582.103027,448.181335
2028,358.42688,155.790314,579.214844,447.363861
2029,351.612274,142.713409,565.95874,429.797394
2030,364.69632,154.386536,567.755798,439.881042
2031,345.541809,132.268188,563.643127,451.639038
2032,338.858124,120.938553,568.720642,436.335205
2033,340.663879,128.670502,559.648743,450.38327
2034,344.657379,133.104263,567.25946,456.975037
2035,341.52002,132.300674,559.556702,451.718933
2036,350.895233,141.39595,557.917603,435.448975
2037,341.141724,128.35582,563.964844,441.838135
2038,338.709717,137.939316,565.613831,433.78949
2039,352.692688,136.436035,562.589905,412.220764
2040,349.026489,137.995346,562.965698,434.414734
2041,348.057495,146.027817,566.192566,427.843872
2042,340.470581,125.606064,560.714233,433.179382
2043,355.505066,124.119522,574.331421,427.249207
2044,343.590149,125.310883,567.641174,440.857758
2045,342.57135,114.313019,570.705627,436.871613
2046,347.925446,119.792999,582.491089,419.133514
2047,339.081726,101.411453,565.867004,427.004272
2048,339.846863,97.61792,571.731323,433.585388
2049,344.262665,112.338226,567.516907,431.556793
2050,348.452972,118.583801,557.61438,417.599304
2051,345.681519,141.617645,546.228271,448.453339
2052,336.926453,137.915939,542.273926,446.427734
2053,333.230469,118.862152,535.870117,443.476715
2054,337.872314,111.451279,540.900269,445.070374
2055,358.238312,131.488556,552.042664,441.808502
2056,344.622894,130.245529,557.758972,412.004333
2057,368.477661,110.725952,580.93811,415.683838
2058,370.412781,126.386597,597.923889,431.696045
2059,387.74234,111.007492,629.810425,440.123352
2060,409.265564,107.360931,646.133728,436.97995
2061,406.822876,111.800842,644.179199,440.147461
2062,418.622803,109.518524,654.402344,434.889801
2063,428.729187,119.399963,657.80072,422.924133
2064,421.521576,110.756882,658.027832,434.58252
2065,412.864044,123.846268,683.159424,438.850647
2066,415.623871,112.477417,658.820679,445.356567
2067,415.401672,114.5914,657.290344,444.509674
2068,425.242859,125.613052,656.506653,441.557129
2069,424.897186,126.139984,656.621826,437.357574
2070,423.193359,123.050354,657.622437,442.72522
2071,411.518555,118.950714,655.268066,448.736176
2072,411.750397,118.366257,654.659058,448.595825
2073,406.315491,124.700073,645.778137,448.56958
2074,407.172791,122.653809,645.276184,446.697754
2075,404.857849,117.599777,646.193176,449.285095
2076,401.783386,115.405823,644.205994,438.173157
2077,401.004791,108.900543,646.143433,443.168732
2078,410.009125,111.214142,643.768433,431.121368
2079,405.178894,125.741348,638.234192,436.355713
2080,399.983368,109.852066,639.337341,440.694824
